72 	 # Number of sensors 
# x z 
0.00 0.00 
2.89 0.79 
5.83 1.39 
8.82 1.72 
11.80 1.44 
14.77 1.87 
17.76 2.10 
20.74 2.45 
23.71 2.90 
26.67 3.37 
29.66 3.57 
32.66 3.70 
35.66 3.88 
38.66 3.97 
41.65 4.11 
44.65 4.25 
47.64 4.03 
50.64 4.07 
53.64 4.11 
56.63 4.38 
59.62 4.59 
62.58 5.09 
65.40 6.10 
68.15 7.30 
71.02 8.19 
73.87 9.12 
76.73 10.04 
79.54 11.08 
82.43 11.87 
84.81 13.70 
87.71 14.47 
90.60 15.27 
93.33 16.51 
96.13 17.58 
98.95 18.62 
101.79 19.58 
104.59 20.67 
107.40 21.71 
110.20 22.79 
113.03 23.79 
115.88 24.72 
118.67 25.83 
121.47 26.91 
124.23 28.07 
126.99 29.25 
129.69 30.56 
132.37 31.91 
135.14 33.07 
138.07 33.72 
140.80 34.96 
143.59 36.05 
146.36 37.21 
149.11 38.41 
151.88 39.56 
154.68 40.64 
157.50 41.66 
160.37 42.53 
163.26 43.34 
164.68 45.98 
167.60 46.68 
170.51 47.38 
173.47 47.90 
176.44 48.32 
179.42 48.65 
182.40 49.02 
185.39 49.29 
188.38 49.50 
191.38 49.63 
194.37 49.78 
197.34 50.21 
200.33 50.46 
203.31 50.80 
636 	 # Number of measurements 
# a b m n rhoa err
1 46 16 31 27326.23  0.01
1 43 15 29 27800.67  0.01
1 40 14 27 29062.41  0.01
1 37 13 25 30204.05  0.01
1 34 12 23 29307.89  0.01
1 31 11 21 26000.50  0.01
1 28 10 19 24817.78  0.01
1 25 9 17 26443.50  0.01
1 22 8 15 34857.98  0.01
1 19 7 13 49875.75  0.01
1 16 6 11 63262.74  0.01
1 13 5 9 90429.41  0.01
1 10 4 7 122389.84  0.01
1 7 3 5 161461.91  0.01
1 4 2 3 155775.80  0.01
2 47 17 32 28318.83  0.01
2 44 16 30 27614.73  0.01
2 41 15 28 28497.20  0.01
2 38 14 26 30455.32  0.01
2 35 13 24 30758.08  0.01
2 32 12 22 27409.59  0.01
2 29 11 20 25459.35  0.01
2 26 10 18 25739.12  0.01
2 23 9 16 29939.49  0.01
2 20 8 14 43290.89  0.01
2 17 7 12 58746.51  0.01
2 14 6 10 77917.12  0.01
2 11 5 8 114364.41  0.01
2 8 4 6 146710.23  0.01
2 5 3 4 165459.19  0.01
3 48 18 33 27901.91  0.01
3 45 17 31 27623.34  0.01
3 42 16 29 28202.70  0.01
3 39 15 27 29236.91  0.01
3 36 14 25 30684.37  0.01
3 33 13 23 29798.42  0.01
3 30 12 21 26563.51  0.01
3 27 11 19 26268.40  0.01
3 24 10 17 28182.84  0.01
3 21 9 15 40104.03  0.01
3 18 8 13 52891.33  0.01
3 15 7 11 69113.65  0.01
3 12 6 9 97476.78  0.01
3 9 5 7 130127.38  0.01
3 6 4 5 164382.23  0.01
4 46 18 32 28141.99  0.01
4 43 17 30 27748.13  0.01
4 40 16 28 28963.90  0.01
4 37 15 26 30611.41  0.01
4 34 14 24 30945.04  0.01
4 31 13 22 28768.87  0.01
4 28 12 20 27226.67  0.01
4 25 11 18 28503.44  0.01
4 22 10 16 37715.37  0.01
4 19 9 14 52061.59  0.01
4 16 8 12 64989.73  0.01
4 13 7 10 92574.67  0.01
4 10 6 8 133023.42  0.01
4 7 5 6 169615.86  0.01
5 47 19 33 28106.33  0.01
5 44 18 31 27832.54  0.01
5 41 17 29 28837.38  0.01
5 38 16 27 30016.03  0.01
5 35 15 25 31323.39  0.01
5 32 14 23 31434.47  0.01
5 29 13 21 28804.42  0.01
5 26 12 19 29053.57  0.01
5 23 11 17 34551.95  0.01
5 20 10 15 52525.16  0.01
5 17 9 13 67465.68  0.01
5 14 8 11 87995.46  0.01
5 11 7 9 134712.91  0.01
5 8 6 7 153273.48  0.01
6 48 20 34 27336.61  0.01
6 45 19 32 28323.85  0.01
6 42 18 30 28463.71  0.01
6 39 17 28 30248.39  0.01
6 36 16 26 31802.19  0.01
6 33 15 24 32509.40  0.01
6 30 14 22 32092.68  0.01
6 27 13 20 32183.28  0.01
6 24 12 18 34988.83  0.01
6 21 11 16 53090.89  0.01
6 18 10 14 70490.16  0.01
6 15 9 12 89209.93  0.01
6 12 8 10 120062.50  0.01
6 9 7 8 168047.22  0.01
7 46 20 33 27799.15  0.01
7 43 19 31 28255.54  0.01
7 40 18 29 30170.94  0.01
7 37 17 27 31668.58  0.01
7 34 16 25 32782.15  0.01
7 31 15 23 35329.66  0.01
7 28 14 21 34484.61  0.01
7 25 13 19 36220.66  0.01
7 22 12 17 49387.59  0.01
7 19 11 15 73161.90  0.01
7 16 10 13 89933.36  0.01
7 13 9 11 112288.99  0.01
7 10 8 9 140993.94  0.01
8 47 21 34 27355.40  0.01
8 44 20 32 28538.88  0.01
8 41 19 30 29490.10  0.01
8 38 18 28 32037.02  0.01
8 35 17 26 34206.21  0.01
8 32 16 24 35862.88  0.01
8 29 15 22 37164.58  0.01
8 26 14 20 39470.97  0.01
8 23 13 18 46666.79  0.01
8 20 12 16 73052.24  0.01
8 17 11 14 97437.54  0.01
8 14 10 12 123521.55  0.01
8 11 9 10 146243.44  0.01
9 48 22 35 26023.46  0.01
9 45 21 33 27619.79  0.01
9 42 20 31 28760.32  0.01
9 39 19 29 31801.23  0.01
9 36 18 27 33815.09  0.01
9 33 17 25 36234.96  0.01
9 30 16 23 41103.30  0.01
9 27 15 21 42865.64  0.01
9 24 14 19 47978.00  0.01
9 21 13 17 70584.45  0.01
9 18 12 15 96681.01  0.01
9 15 11 13 122553.98  0.01
9 12 10 11 132558.00  0.01
10 46 22 34 26410.19  0.01
10 43 21 32 28508.51  0.01
10 40 20 30 30351.28  0.01
10 37 19 28 33860.85  0.01
10 34 18 26 36610.49  0.01
10 31 17 24 42102.79  0.01
10 28 16 22 45564.30  0.01
10 25 15 20 50329.49  0.01
10 22 14 18 68388.17  0.01
10 19 13 16 96341.83  0.01
10 16 12 14 114255.50  0.01
10 13 11 12 135595.06  0.01
11 47 23 35 24898.53  0.01
11 44 22 33 26916.98  0.01
11 41 21 31 28999.66  0.01
11 38 20 29 32900.04  0.01
11 35 19 27 36166.74  0.01
11 32 18 25 40691.75  0.01
11 29 17 23 49080.35  0.01
11 26 16 21 51787.62  0.01
11 23 15 19 61502.75  0.01
11 20 14 17 92942.20  0.01
11 17 13 15 113051.67  0.01
11 14 12 13 123385.89  0.01
12 48 24 36 25470.65  0.01
12 45 23 34 24976.84  0.01
12 42 22 32 28416.75  0.01
12 39 21 30 31499.60  0.01
12 36 20 28 35738.20  0.01
12 33 19 26 41014.68  0.01
12 30 18 24 50439.93  0.01
12 27 17 22 58651.38  0.01
12 24 16 20 64537.32  0.01
12 21 15 18 91526.49  0.01
12 18 14 16 116946.82  0.01
12 15 13 14 115870.48  0.01
13 46 24 35 25453.44  0.01
13 43 23 33 26016.24  0.01
13 40 22 31 29829.09  0.01
13 37 21 29 34990.42  0.01
13 34 20 27 39107.52  0.01
13 31 19 25 49454.56  0.01
13 28 18 23 63313.34  0.01
13 25 17 21 69323.28  0.01
13 22 16 19 86279.17  0.01
13 19 15 17 111418.99  0.01
13 16 14 15 115735.43  0.01
14 47 25 36 26916.41  0.01
14 44 24 34 26060.93  0.01
14 41 23 32 27831.45  0.01
14 38 22 30 32357.60  0.01
14 35 21 28 38441.05  0.01
14 32 20 26 46235.75  0.01
14 29 19 24 61510.80  0.01
14 26 18 22 72486.94  0.01
14 23 17 20 82387.09  0.01
14 20 16 18 105745.84  0.01
14 17 15 16 114926.90  0.01
15 48 26 37 27825.49  0.01
15 45 25 35 26707.41  0.01
15 42 24 33 27856.47  0.01
15 39 23 31 29636.66  0.01
15 36 22 29 36344.01  0.01
15 33 21 27 43563.17  0.01
15 30 20 25 57680.84  0.01
15 27 19 23 79932.38  0.01
15 24 18 21 85153.25  0.01
15 21 17 19 106354.80  0.01
15 18 16 17 106674.35  0.01
16 46 26 36 28469.88  0.01
16 43 25 34 28206.86  0.01
16 40 24 32 30958.69  0.01
16 37 23 30 31970.39  0.01
16 34 22 28 40195.87  0.01
16 31 21 26 54210.31  0.01
16 28 20 24 74024.56  0.01
16 25 19 22 89647.55  0.01
16 22 18 20 106004.27  0.01
16 19 17 18 113076.03  0.01
17 47 27 37 30790.71  0.01
17 44 26 35 28808.12  0.01
17 41 25 33 30628.33  0.01
17 38 24 31 32362.45  0.01
17 35 23 29 35025.86  0.01
17 32 22 27 45838.37  0.01
17 29 21 25 65181.51  0.01
17 26 20 23 88722.62  0.01
17 23 19 21 94114.24  0.01
17 20 18 19 107149.72  0.01
18 48 28 38 32166.16  0.01
18 45 27 36 31388.19  0.01
18 42 26 34 31126.59  0.01
18 39 25 32 34741.68  0.01
18 36 24 30 34874.55  0.01
18 33 23 28 38445.00  0.01
18 30 22 26 57536.95  0.01
18 27 21 24 84163.34  0.01
18 24 20 22 92156.59  0.01
18 21 19 20 114170.35  0.01
19 46 28 37 33736.72  0.01
19 43 27 35 33094.60  0.01
19 40 26 33 35197.98  0.01
19 37 25 31 36652.04  0.01
19 34 24 29 38613.81  0.01
19 31 23 27 44439.08  0.01
19 28 22 25 70263.86  0.01
19 25 21 23 100728.62  0.01
19 22 20 21 102486.66  0.01
20 47 29 38 36251.37  0.01
20 44 28 36 35647.66  0.01
20 41 27 34 37071.20  0.01
20 38 26 32 39736.04  0.01
20 35 25 30 39997.10  0.01
20 32 24 28 43581.84  0.01
20 29 23 26 53358.65  0.01
20 26 22 24 86637.63  0.01
20 23 21 22 89427.64  0.01
21 48 30 39 38526.49  0.01
21 45 29 37 37658.88  0.01
21 42 28 35 38466.39  0.01
21 39 27 33 42700.76  0.01
21 36 26 31 41243.00  0.01
21 33 25 29 45103.11  0.01
21 30 24 27 49432.45  0.01
21 27 23 25 63132.84  0.01
21 24 22 23 101631.16  0.01
22 46 30 38 41365.17  0.01
22 43 29 36 40658.39  0.01
22 40 28 34 44140.84  0.01
22 37 27 32 47859.66  0.01
22 34 26 30 44410.87  0.01
22 31 25 28 51703.83  0.01
22 28 24 26 59901.54  0.01
22 25 23 24 74812.86  0.01
23 47 31 39 45374.33  0.01
23 44 30 37 44428.40  0.01
23 41 29 35 44668.21  0.01
23 38 28 33 50094.34  0.01
23 35 27 31 50728.28  0.01
23 32 26 29 52503.08  0.01
23 29 25 27 60366.84  0.01
23 26 24 25 74214.99  0.01
24 48 32 40 44650.20  0.01
24 45 31 38 45212.70  0.01
24 42 30 36 45427.46  0.01
24 39 29 34 47100.12  0.01
24 36 28 32 50142.07  0.01
24 33 27 30 51221.66  0.01
24 30 26 28 56297.76  0.01
24 27 25 26 83810.34  0.01
25 46 32 39 45000.24  0.01
25 43 31 37 45158.33  0.01
25 40 30 35 45965.73  0.01
25 37 29 33 46280.21  0.01
25 34 28 31 46454.22  0.01
25 31 27 29 58950.61  0.01
25 28 26 27 60628.54  0.01
26 47 33 40 46154.07  0.01
26 44 32 38 44015.52  0.01
26 41 31 36 45249.03  0.01
26 38 30 34 45707.11  0.01
26 35 29 32 45661.47  0.01
26 32 28 30 50420.31  0.01
26 29 27 28 65243.16  0.01
27 48 34 41 47130.32  0.01
27 45 33 39 44233.43  0.01
27 42 32 37 43078.12  0.01
27 39 31 35 44488.71  0.01
27 36 30 33 43058.71  0.01
27 33 29 31 44021.52  0.01
27 30 28 29 65580.47  0.01
28 46 34 40 46089.29  0.01
28 43 33 38 43918.04  0.01
28 40 32 36 44377.70  0.01
28 37 31 34 44646.30  0.01
28 34 30 32 49786.14  0.01
28 31 29 30 61468.30  0.01
29 47 35 41 49584.38  0.01
29 44 34 39 45350.77  0.01
29 41 33 37 44324.96  0.01
29 38 32 35 43280.12  0.01
29 35 31 33 50990.43  0.01
29 32 30 31 63876.39  0.01
30 48 36 42 50794.95  0.01
30 45 35 40 46467.55  0.01
30 42 34 38 45019.87  0.01
30 39 33 36 45883.21  0.01
30 36 32 34 44736.19  0.01
30 33 31 32 77537.35  0.01
31 46 36 41 50016.64  0.01
31 43 35 39 47016.07  0.01
31 40 34 37 47901.29  0.01
31 37 33 35 46716.80  0.01
31 34 32 33 59695.52  0.01
32 47 37 42 55026.72  0.01
32 44 36 40 49015.70  0.01
32 41 35 38 49208.39  0.01
32 38 34 36 51762.05  0.01
32 35 33 34 70564.65  0.01
33 48 38 43 56779.44  0.01
33 45 37 41 51494.68  0.01
33 42 36 39 48762.74  0.01
33 39 35 37 52293.95  0.01
33 36 34 35 56101.12  0.01
34 46 38 42 54655.34  0.01
34 43 37 40 49575.91  0.01
34 40 36 38 51902.76  0.01
34 37 35 36 61300.44  0.01
35 47 39 43 58505.54  0.01
35 44 38 41 52215.18  0.01
35 41 37 39 50976.45  0.01
35 38 36 37 53224.08  0.01
36 48 40 44 60293.51  0.01
36 45 39 42 54931.73  0.01
36 42 38 40 51997.89  0.01
36 39 37 38 54092.98  0.01
37 46 40 43 58836.54  0.01
37 43 39 41 54615.36  0.01
37 40 38 39 63427.91  0.01
38 47 41 44 57507.22  0.01
38 44 40 42 57030.97  0.01
38 41 39 40 52770.08  0.01
39 48 42 45 56873.71  0.01
39 45 41 43 52188.27  0.01
39 42 40 41 64595.40  0.01
40 46 42 44 51379.22  0.01
40 43 41 42 55098.40  0.01
41 47 43 45 53309.05  0.01
41 44 42 43 53353.70  0.01
42 48 44 46 49893.86  0.01
42 45 43 44 48348.08  0.01
43 46 44 45 50164.11  0.01
44 47 45 46 44050.45  0.01
45 48 46 47 39702.85  0.01
25 70 40 55 18593.40  0.01
25 67 39 53 21252.34  0.01
25 64 38 51 26516.21  0.01
25 61 37 49 31809.62  0.01
25 58 36 47 37731.71  0.01
25 55 35 45 45176.97  0.01
25 52 34 43 48042.06  0.01
25 49 33 41 46798.68  0.01
26 71 41 56 18089.78  0.01
26 68 40 54 21103.28  0.01
26 65 39 52 24798.50  0.01
26 62 38 50 30314.28  0.01
26 59 37 48 37784.71  0.01
26 56 36 46 43962.34  0.01
26 53 35 44 49717.54  0.01
26 50 34 42 49169.30  0.01
27 72 42 57 17303.27  0.01
27 69 41 55 20335.79  0.01
27 66 40 53 23149.11  0.01
27 63 39 51 29034.48  0.01
27 60 38 49 35594.19  0.01
27 57 37 47 42020.98  0.01
27 54 36 45 48555.89  0.01
27 51 35 43 50495.98  0.01
28 70 42 56 20007.69  0.01
28 67 41 54 23079.74  0.01
28 64 40 52 28304.02  0.01
28 61 39 50 33225.11  0.01
28 58 38 48 40638.01  0.01
28 55 37 46 48107.36  0.01
28 52 36 44 51760.44  0.01
28 49 35 42 50340.93  0.01
29 71 43 57 19615.52  0.01
29 68 42 55 22504.94  0.01
29 65 41 53 26215.40  0.01
29 62 40 51 32862.75  0.01
29 59 39 49 39464.23  0.01
29 56 38 47 46130.39  0.01
29 53 37 45 53308.69  0.01
29 50 36 43 53390.92  0.01
30 72 44 58 19142.34  0.01
30 69 43 56 22367.21  0.01
30 66 42 54 25570.03  0.01
30 63 41 52 30922.03  0.01
30 60 40 50 37482.43  0.01
30 57 39 48 45452.48  0.01
30 54 38 46 51555.60  0.01
30 51 37 44 53936.21  0.01
31 70 44 57 22349.63  0.01
31 67 43 55 25587.12  0.01
31 64 42 53 30814.78  0.01
31 61 41 51 36471.92  0.01
31 58 40 49 43071.86  0.01
31 55 39 47 50965.23  0.01
31 52 38 45 55861.00  0.01
31 49 37 43 54909.36  0.01
32 71 45 58 23041.22  0.01
32 68 44 56 26177.79  0.01
32 65 43 54 30889.61  0.01
32 62 42 52 36683.04  0.01
32 59 41 50 42485.50  0.01
32 56 40 48 51525.16  0.01
32 53 39 46 58280.01  0.01
32 50 38 44 58853.71  0.01
33 72 46 59 22953.61  0.01
33 69 45 57 26455.50  0.01
33 66 44 55 29817.78  0.01
33 63 43 53 35333.03  0.01
33 60 42 51 42742.46  0.01
33 57 41 49 48820.89  0.01
33 54 40 47 56011.12  0.01
33 51 39 45 59690.97  0.01
34 70 46 58 27075.95  0.01
34 67 45 56 30306.65  0.01
34 64 44 54 36770.75  0.01
34 61 43 52 41193.15  0.01
34 58 42 50 46417.33  0.01
34 55 41 48 55787.18  0.01
34 52 40 46 60524.74  0.01
34 49 39 44 59727.25  0.01
35 71 47 59 27545.13  0.01
35 68 46 57 30920.97  0.01
35 65 45 55 35471.45  0.01
35 62 44 53 41168.21  0.01
35 59 43 51 47765.45  0.01
35 56 42 49 53727.99  0.01
35 53 41 47 59781.35  0.01
35 50 40 45 62684.06  0.01
36 72 48 60 28081.45  0.01
36 69 47 58 32790.53  0.01
36 66 46 56 36158.99  0.01
36 63 45 54 42485.00  0.01
36 60 44 52 48339.11  0.01
36 57 43 50 52449.22  0.01
36 54 42 48 60291.61  0.01
36 51 41 46 61727.60  0.01
37 70 48 59 33134.89  0.01
37 67 47 57 37747.06  0.01
37 64 46 55 44193.04  0.01
37 61 45 53 47590.15  0.01
37 58 44 51 53213.10  0.01
37 55 43 49 58973.86  0.01
37 52 42 47 61832.97  0.01
37 49 41 45 61443.95  0.01
38 71 49 60 34645.21  0.01
38 68 48 58 38528.74  0.01
38 65 47 56 44162.63  0.01
38 62 46 54 50803.77  0.01
38 59 45 52 54200.64  0.01
38 56 44 50 57009.30  0.01
38 53 43 48 63639.91  0.01
38 50 42 46 62487.75  0.01
39 72 50 61 36239.71  0.01
39 69 49 59 39761.94  0.01
39 66 48 57 43601.61  0.01
39 63 47 55 50818.71  0.01
39 60 46 53 55361.94  0.01
39 57 45 51 58588.52  0.01
39 54 44 49 60827.95  0.01
39 51 43 47 59810.36  0.01
40 70 50 60 40963.27  0.01
40 67 49 58 45528.82  0.01
40 64 48 56 51953.49  0.01
40 61 47 54 57362.56  0.01
40 58 46 52 58541.95  0.01
40 55 45 50 58922.88  0.01
40 52 44 48 61183.03  0.01
40 49 43 46 56304.02  0.01
41 71 51 61 41985.75  0.01
41 68 50 59 46513.36  0.01
41 65 49 57 52314.70  0.01
41 62 48 55 57951.41  0.01
41 59 47 53 61158.29  0.01
41 56 46 51 62505.37  0.01
41 53 45 49 60486.53  0.01
41 50 44 47 56303.80  0.01
42 72 52 62 42753.03  0.01
42 69 51 60 47162.32  0.01
42 66 50 58 53415.02  0.01
42 63 49 56 59619.86  0.01
42 60 48 54 64840.85  0.01
42 57 47 52 64329.40  0.01
42 54 46 50 59620.22  0.01
42 51 45 48 56347.73  0.01
43 70 52 61 49099.94  0.01
43 67 51 59 53208.45  0.01
43 64 50 57 63184.05  0.01
43 61 49 55 65914.79  0.01
43 58 48 53 63732.91  0.01
43 55 47 51 65303.55  0.01
43 52 46 49 57017.65  0.01
43 49 45 47 47033.20  0.01
44 71 53 62 50024.73  0.01
44 68 52 60 53766.68  0.01
44 65 51 58 61402.51  0.01
44 62 50 56 69287.05  0.01
44 59 49 54 71584.57  0.01
44 56 48 52 64650.61  0.01
44 53 47 50 58127.29  0.01
44 50 46 48 51888.12  0.01
45 72 54 63 49237.84  0.01
45 69 53 61 56224.26  0.01
45 66 52 59 59617.14  0.01
45 63 51 57 67991.04  0.01
45 60 50 55 74596.53  0.01
45 57 49 53 67988.49  0.01
45 54 48 51 60097.46  0.01
45 51 47 49 51482.94  0.01
46 70 54 62 53759.44  0.01
46 67 53 60 60429.75  0.01
46 64 52 58 70116.23  0.01
46 61 51 56 72889.89  0.01
46 58 50 54 74077.60  0.01
46 55 49 52 63686.96  0.01
46 52 48 50 46189.02  0.01
46 49 47 48 47643.92  0.01
47 71 55 63 53494.21  0.01
47 68 54 61 58271.46  0.01
47 65 53 59 66388.62  0.01
47 62 52 57 73549.83  0.01
47 59 51 55 73739.94  0.01
47 56 50 53 65831.54  0.01
47 53 49 51 54267.01  0.01
47 50 48 49 38846.62  0.01
48 72 56 64 51392.83  0.01
48 69 55 62 58046.56  0.01
48 66 54 60 62366.25  0.01
48 63 53 58 74726.68  0.01
48 60 52 56 77712.56  0.01
48 57 51 54 71451.71  0.01
48 54 50 52 57607.54  0.01
48 51 49 50 38562.70  0.01
49 70 56 63 56085.21  0.01
49 67 55 61 62335.04  0.01
49 64 54 59 69969.71  0.01
49 61 53 57 76699.61  0.01
49 58 52 55 69444.77  0.01
49 55 51 53 55489.27  0.01
49 52 50 51 46523.95  0.01
50 71 57 64 53179.59  0.01
50 68 56 62 58484.57  0.01
50 65 55 60 65785.77  0.01
50 62 54 58 74389.48  0.01
50 59 53 56 75578.93  0.01
50 56 52 54 62276.96  0.01
50 53 51 52 44012.52  0.01
51 72 58 65 52983.11  0.01
51 69 57 63 60165.25  0.01
51 66 56 61 65377.02  0.01
51 63 55 59 71776.84  0.01
51 60 54 57 76591.98  0.01
51 57 53 55 67445.35  0.01
51 54 52 53 44391.68  0.01
52 70 58 64 56498.03  0.01
52 67 57 62 64179.63  0.01
52 64 56 60 72436.82  0.01
52 61 55 58 76883.48  0.01
52 58 54 56 65724.73  0.01
52 55 53 54 57744.58  0.01
53 71 59 65 58836.95  0.01
53 68 58 63 62578.03  0.01
53 65 57 61 72130.90  0.01
53 62 56 59 73468.53  0.01
53 59 55 57 72421.41  0.01
53 56 54 55 48353.15  0.01
54 72 60 66 61404.80  0.01
54 69 59 64 65401.28  0.01
54 66 58 62 69288.85  0.01
54 63 57 60 75348.22  0.01
54 60 56 58 79174.98  0.01
54 57 55 56 64664.39  0.01
55 70 60 65 66426.30  0.01
55 67 59 63 73749.28  0.01
55 64 58 61 80057.14  0.01
55 61 57 59 72500.12  0.01
55 58 56 57 57489.89  0.01
56 71 61 66 65692.25  0.01
56 68 60 64 71894.02  0.01
56 65 59 62 81036.94  0.01
56 62 58 60 73496.93  0.01
56 59 57 58 70876.77  0.01
57 72 62 67 63627.12  0.01
57 69 61 65 71409.52  0.01
57 66 60 63 82964.76  0.01
57 63 59 61 83783.20  0.01
57 60 58 59 65282.85  0.01
58 70 62 66 73246.12  0.01
58 67 61 64 76326.61  0.01
58 64 60 62 91442.06  0.01
58 61 59 60 69340.87  0.01
59 71 63 67 66112.28  0.01
59 68 62 65 76917.00  0.01
59 65 61 63 86883.71  0.01
59 62 60 61 88545.97  0.01
60 72 64 68 69446.59  0.01
60 69 63 66 76481.18  0.01
60 66 62 64 80189.38  0.01
60 63 61 62 74221.20  0.01
61 70 64 67 79060.66  0.01
61 67 63 65 85741.80  0.01
61 64 62 63 110561.60  0.01
62 71 65 68 75974.10  0.01
62 68 64 66 95713.02  0.01
62 65 63 64 85055.17  0.01
63 72 66 69 73059.27  0.01
63 69 65 67 87798.59  0.01
63 66 64 65 117061.66  0.01
64 70 66 68 82405.41  0.01
64 67 65 66 117934.28  0.01
65 71 67 69 87928.94  0.01
65 68 66 67 95967.11  0.01
66 72 68 70 94136.28  0.01
66 69 67 68 131917.17  0.01
67 70 68 69 102526.63  0.01
68 71 69 70 137269.98  0.01
69 72 70 71 118330.25  0.01
