RB2_W3m_ab_raw.bin
         3.00
11
1
Type of measurement (0=app. resistivity,1=resistance)
1
636
 2
0
4  0.00  0.00 135.00  0.00 45.00  0.00 90.00  0.00 96.64675 
4  0.00  0.00 126.00  0.00 42.00  0.00 84.00  0.00 105.34796 
4  0.00  0.00 117.00  0.00 39.00  0.00 78.00  0.00 118.60067 
4  0.00  0.00 108.00  0.00 36.00  0.00 72.00  0.00 133.53124 
4  0.00  0.00 99.00  0.00 33.00  0.00 66.00  0.00 141.34834 
4  0.00  0.00 90.00  0.00 30.00  0.00 60.00  0.00 137.93695 
4  0.00  0.00 81.00  0.00 27.00  0.00 54.00  0.00 146.29160 
4  0.00  0.00 72.00  0.00 24.00  0.00 48.00  0.00 175.35889 
4  0.00  0.00 63.00  0.00 21.00  0.00 42.00  0.00 264.18194 
4  0.00  0.00 54.00  0.00 18.00  0.00 36.00  0.00 440.99845 
4  0.00  0.00 45.00  0.00 15.00  0.00 30.00  0.00 671.23859 
4  0.00  0.00 36.00  0.00 12.00  0.00 24.00  0.00 1199.35726 
4  0.00  0.00 27.00  0.00 9.00  0.00 18.00  0.00 2164.32757 
4  0.00  0.00 18.00  0.00 6.00  0.00 12.00  0.00 4282.91008 
4  0.00  0.00 9.00  0.00 3.00  0.00 6.00  0.00 8264.16232 
4  3.00  0.00 138.00  0.00 48.00  0.00 93.00  0.00 100.15735 
4  3.00  0.00 129.00  0.00 45.00  0.00 87.00  0.00 104.64336 
4  3.00  0.00 120.00  0.00 42.00  0.00 81.00  0.00 116.29412 
4  3.00  0.00 111.00  0.00 39.00  0.00 75.00  0.00 134.64209 
4  3.00  0.00 102.00  0.00 36.00  0.00 69.00  0.00 148.34245 
4  3.00  0.00 93.00  0.00 33.00  0.00 63.00  0.00 145.41240 
4  3.00  0.00 84.00  0.00 30.00  0.00 57.00  0.00 150.07338 
4  3.00  0.00 75.00  0.00 27.00  0.00 51.00  0.00 170.68783 
4  3.00  0.00 66.00  0.00 24.00  0.00 45.00  0.00 226.90563 
4  3.00  0.00 57.00  0.00 21.00  0.00 39.00  0.00 382.77551 
4  3.00  0.00 48.00  0.00 18.00  0.00 33.00  0.00 623.31989 
4  3.00  0.00 39.00  0.00 15.00  0.00 27.00  0.00 1033.40782 
4  3.00  0.00 30.00  0.00 12.00  0.00 21.00  0.00 2022.40676 
4  3.00  0.00 21.00  0.00 9.00  0.00 15.00  0.00 3891.60999 
4  3.00  0.00 12.00  0.00 6.00  0.00 9.00  0.00 8777.88254 
4  6.00  0.00 141.00  0.00 51.00  0.00 96.00  0.00 98.68283 
4  6.00  0.00 132.00  0.00 48.00  0.00 90.00  0.00 104.67599 
4  6.00  0.00 123.00  0.00 45.00  0.00 84.00  0.00 115.09228 
4  6.00  0.00 114.00  0.00 42.00  0.00 78.00  0.00 129.25554 
4  6.00  0.00 105.00  0.00 39.00  0.00 72.00  0.00 147.98697 
4  6.00  0.00 96.00  0.00 36.00  0.00 66.00  0.00 158.08552 
4  6.00  0.00 87.00  0.00 33.00  0.00 60.00  0.00 156.58202 
4  6.00  0.00 78.00  0.00 30.00  0.00 54.00  0.00 174.19774 
4  6.00  0.00 69.00  0.00 27.00  0.00 48.00  0.00 213.59230 
4  6.00  0.00 60.00  0.00 24.00  0.00 42.00  0.00 354.59750 
4  6.00  0.00 51.00  0.00 21.00  0.00 36.00  0.00 561.19451 
4  6.00  0.00 42.00  0.00 18.00  0.00 30.00  0.00 916.64823 
4  6.00  0.00 33.00  0.00 15.00  0.00 24.00  0.00 1723.76801 
4  6.00  0.00 24.00  0.00 12.00  0.00 18.00  0.00 3451.73576 
4  6.00  0.00 15.00  0.00 9.00  0.00 12.00  0.00 8720.74837 
4  9.00  0.00 135.00  0.00 51.00  0.00 93.00  0.00 106.64135 
4  9.00  0.00 126.00  0.00 48.00  0.00 87.00  0.00 113.23725 
4  9.00  0.00 117.00  0.00 45.00  0.00 81.00  0.00 128.04856 
4  9.00  0.00 108.00  0.00 42.00  0.00 75.00  0.00 147.63505 
4  9.00  0.00 99.00  0.00 39.00  0.00 69.00  0.00 164.16854 
4  9.00  0.00 90.00  0.00 36.00  0.00 63.00  0.00 169.58177 
4  9.00  0.00 81.00  0.00 33.00  0.00 57.00  0.00 180.55244 
4  9.00  0.00 72.00  0.00 30.00  0.00 51.00  0.00 216.02204 
4  9.00  0.00 63.00  0.00 27.00  0.00 45.00  0.00 333.47708 
4  9.00  0.00 54.00  0.00 24.00  0.00 39.00  0.00 552.39071 
4  9.00  0.00 45.00  0.00 21.00  0.00 33.00  0.00 861.95302 
4  9.00  0.00 36.00  0.00 18.00  0.00 27.00  0.00 1637.07968 
4  9.00  0.00 27.00  0.00 15.00  0.00 21.00  0.00 3528.55602 
4  9.00  0.00 18.00  0.00 12.00  0.00 15.00  0.00 8998.40068 
4  12.00  0.00 138.00  0.00 54.00  0.00 96.00  0.00 106.50623 
4  12.00  0.00 129.00  0.00 51.00  0.00 90.00  0.00 113.58171 
4  12.00  0.00 120.00  0.00 48.00  0.00 84.00  0.00 127.48921 
4  12.00  0.00 111.00  0.00 45.00  0.00 78.00  0.00 144.76364 
4  12.00  0.00 102.00  0.00 42.00  0.00 72.00  0.00 166.17577 
4  12.00  0.00 93.00  0.00 39.00  0.00 66.00  0.00 185.29453 
4  12.00  0.00 84.00  0.00 36.00  0.00 60.00  0.00 191.01523 
4  12.00  0.00 75.00  0.00 33.00  0.00 54.00  0.00 220.19142 
4  12.00  0.00 66.00  0.00 30.00  0.00 48.00  0.00 305.50632 
4  12.00  0.00 57.00  0.00 27.00  0.00 42.00  0.00 557.30927 
4  12.00  0.00 48.00  0.00 24.00  0.00 36.00  0.00 894.79140 
4  12.00  0.00 39.00  0.00 21.00  0.00 30.00  0.00 1556.10145 
4  12.00  0.00 30.00  0.00 18.00  0.00 24.00  0.00 3573.37095 
4  12.00  0.00 21.00  0.00 15.00  0.00 18.00  0.00 8131.41123 
4  15.00  0.00 141.00  0.00 57.00  0.00 99.00  0.00 103.58943 
4  15.00  0.00 132.00  0.00 54.00  0.00 93.00  0.00 115.58671 
4  15.00  0.00 123.00  0.00 51.00  0.00 87.00  0.00 125.83723 
4  15.00  0.00 114.00  0.00 48.00  0.00 81.00  0.00 145.88426 
4  15.00  0.00 105.00  0.00 45.00  0.00 75.00  0.00 168.71585 
4  15.00  0.00 96.00  0.00 42.00  0.00 69.00  0.00 191.63082 
4  15.00  0.00 87.00  0.00 39.00  0.00 63.00  0.00 212.82116 
4  15.00  0.00 78.00  0.00 36.00  0.00 57.00  0.00 243.91085 
4  15.00  0.00 69.00  0.00 33.00  0.00 51.00  0.00 309.36918 
4  15.00  0.00 60.00  0.00 30.00  0.00 45.00  0.00 563.31184 
4  15.00  0.00 51.00  0.00 27.00  0.00 39.00  0.00 934.90470 
4  15.00  0.00 42.00  0.00 24.00  0.00 33.00  0.00 1577.57787 
4  15.00  0.00 33.00  0.00 21.00  0.00 27.00  0.00 3184.75671 
4  15.00  0.00 24.00  0.00 18.00  0.00 21.00  0.00 8915.18182 
4  18.00  0.00 135.00  0.00 57.00  0.00 96.00  0.00 113.44544 
4  18.00  0.00 126.00  0.00 54.00  0.00 90.00  0.00 124.91690 
4  18.00  0.00 117.00  0.00 51.00  0.00 84.00  0.00 145.51072 
4  18.00  0.00 108.00  0.00 48.00  0.00 78.00  0.00 168.00705 
4  18.00  0.00 99.00  0.00 45.00  0.00 72.00  0.00 193.23856 
4  18.00  0.00 90.00  0.00 42.00  0.00 66.00  0.00 234.28711 
4  18.00  0.00 81.00  0.00 39.00  0.00 60.00  0.00 261.35220 
4  18.00  0.00 72.00  0.00 36.00  0.00 54.00  0.00 320.26100 
4  18.00  0.00 63.00  0.00 33.00  0.00 48.00  0.00 524.01859 
4  18.00  0.00 54.00  0.00 30.00  0.00 42.00  0.00 970.33978 
4  18.00  0.00 45.00  0.00 27.00  0.00 36.00  0.00 1590.37093 
4  18.00  0.00 36.00  0.00 24.00  0.00 30.00  0.00 2978.55802 
4  18.00  0.00 27.00  0.00 21.00  0.00 24.00  0.00 7479.96060 
4  21.00  0.00 138.00  0.00 60.00  0.00 99.00  0.00 111.63455 
4  21.00  0.00 129.00  0.00 57.00  0.00 93.00  0.00 126.16955 
4  21.00  0.00 120.00  0.00 54.00  0.00 87.00  0.00 142.22714 
4  21.00  0.00 111.00  0.00 51.00  0.00 81.00  0.00 169.96166 
4  21.00  0.00 102.00  0.00 48.00  0.00 75.00  0.00 201.63288 
4  21.00  0.00 93.00  0.00 45.00  0.00 69.00  0.00 237.82306 
4  21.00  0.00 84.00  0.00 42.00  0.00 63.00  0.00 281.66316 
4  21.00  0.00 75.00  0.00 39.00  0.00 57.00  0.00 349.00000 
4  21.00  0.00 66.00  0.00 36.00  0.00 51.00  0.00 495.15009 
4  21.00  0.00 57.00  0.00 33.00  0.00 45.00  0.00 968.88542 
4  21.00  0.00 48.00  0.00 30.00  0.00 39.00  0.00 1723.07393 
4  21.00  0.00 39.00  0.00 27.00  0.00 33.00  0.00 3276.51107 
4  21.00  0.00 30.00  0.00 24.00  0.00 27.00  0.00 7758.45546 
4  24.00  0.00 141.00  0.00 63.00  0.00 102.00  0.00 106.19906 
4  24.00  0.00 132.00  0.00 60.00  0.00 96.00  0.00 122.10630 
4  24.00  0.00 123.00  0.00 57.00  0.00 90.00  0.00 138.70749 
4  24.00  0.00 114.00  0.00 54.00  0.00 84.00  0.00 168.71078 
4  24.00  0.00 105.00  0.00 51.00  0.00 78.00  0.00 199.32738 
4  24.00  0.00 96.00  0.00 48.00  0.00 72.00  0.00 240.29056 
4  24.00  0.00 87.00  0.00 45.00  0.00 66.00  0.00 311.51396 
4  24.00  0.00 78.00  0.00 42.00  0.00 60.00  0.00 379.01545 
4  24.00  0.00 69.00  0.00 39.00  0.00 54.00  0.00 509.06248 
4  24.00  0.00 60.00  0.00 36.00  0.00 48.00  0.00 936.15541 
4  24.00  0.00 51.00  0.00 33.00  0.00 42.00  0.00 1709.69553 
4  24.00  0.00 42.00  0.00 30.00  0.00 36.00  0.00 3250.84514 
4  24.00  0.00 33.00  0.00 27.00  0.00 30.00  0.00 7032.42000 
4  27.00  0.00 135.00  0.00 63.00  0.00 99.00  0.00 116.75868 
4  27.00  0.00 126.00  0.00 60.00  0.00 93.00  0.00 137.49304 
4  27.00  0.00 117.00  0.00 57.00  0.00 87.00  0.00 161.01856 
4  27.00  0.00 108.00  0.00 54.00  0.00 81.00  0.00 199.59709 
4  27.00  0.00 99.00  0.00 51.00  0.00 75.00  0.00 242.78085 
4  27.00  0.00 90.00  0.00 48.00  0.00 69.00  0.00 319.08890 
4  27.00  0.00 81.00  0.00 45.00  0.00 63.00  0.00 402.87691 
4  27.00  0.00 72.00  0.00 42.00  0.00 57.00  0.00 534.01252 
4  27.00  0.00 63.00  0.00 39.00  0.00 51.00  0.00 907.02633 
4  27.00  0.00 54.00  0.00 36.00  0.00 45.00  0.00 1703.69762 
4  27.00  0.00 45.00  0.00 33.00  0.00 39.00  0.00 3030.72131 
4  27.00  0.00 36.00  0.00 30.00  0.00 33.00  0.00 7193.54107 
4  30.00  0.00 138.00  0.00 66.00  0.00 102.00  0.00 110.07565 
4  30.00  0.00 129.00  0.00 63.00  0.00 96.00  0.00 129.81730 
4  30.00  0.00 120.00  0.00 60.00  0.00 90.00  0.00 153.84798 
4  30.00  0.00 111.00  0.00 57.00  0.00 84.00  0.00 193.93348 
4  30.00  0.00 102.00  0.00 54.00  0.00 78.00  0.00 239.83812 
4  30.00  0.00 93.00  0.00 51.00  0.00 72.00  0.00 308.39495 
4  30.00  0.00 84.00  0.00 48.00  0.00 66.00  0.00 433.96554 
4  30.00  0.00 75.00  0.00 45.00  0.00 60.00  0.00 549.48375 
4  30.00  0.00 66.00  0.00 42.00  0.00 54.00  0.00 815.70563 
4  30.00  0.00 57.00  0.00 39.00  0.00 48.00  0.00 1643.57906 
4  30.00  0.00 48.00  0.00 36.00  0.00 42.00  0.00 2998.78870 
4  30.00  0.00 39.00  0.00 33.00  0.00 36.00  0.00 6545.82496 
4  33.00  0.00 141.00  0.00 69.00  0.00 105.00  0.00 112.60501 
4  33.00  0.00 132.00  0.00 66.00  0.00 99.00  0.00 120.46024 
4  33.00  0.00 123.00  0.00 63.00  0.00 93.00  0.00 150.75557 
4  33.00  0.00 114.00  0.00 60.00  0.00 87.00  0.00 185.67843 
4  33.00  0.00 105.00  0.00 57.00  0.00 81.00  0.00 236.99633 
4  33.00  0.00 96.00  0.00 54.00  0.00 75.00  0.00 310.84239 
4  33.00  0.00 87.00  0.00 51.00  0.00 69.00  0.00 445.98693 
4  33.00  0.00 78.00  0.00 48.00  0.00 63.00  0.00 622.31050 
4  33.00  0.00 69.00  0.00 45.00  0.00 57.00  0.00 855.95275 
4  33.00  0.00 60.00  0.00 42.00  0.00 51.00  0.00 1618.54376 
4  33.00  0.00 51.00  0.00 39.00  0.00 45.00  0.00 3102.11073 
4  33.00  0.00 42.00  0.00 36.00  0.00 39.00  0.00 6147.11971 
4  36.00  0.00 135.00  0.00 69.00  0.00 102.00  0.00 122.75883 
4  36.00  0.00 126.00  0.00 66.00  0.00 96.00  0.00 138.02044 
4  36.00  0.00 117.00  0.00 63.00  0.00 90.00  0.00 175.83139 
4  36.00  0.00 108.00  0.00 60.00  0.00 84.00  0.00 232.03745 
4  36.00  0.00 99.00  0.00 57.00  0.00 78.00  0.00 296.38835 
4  36.00  0.00 90.00  0.00 54.00  0.00 72.00  0.00 437.27431 
4  36.00  0.00 81.00  0.00 51.00  0.00 66.00  0.00 671.77547 
4  36.00  0.00 72.00  0.00 48.00  0.00 60.00  0.00 919.42853 
4  36.00  0.00 63.00  0.00 45.00  0.00 54.00  0.00 1525.75077 
4  36.00  0.00 54.00  0.00 42.00  0.00 48.00  0.00 2955.48056 
4  36.00  0.00 45.00  0.00 39.00  0.00 42.00  0.00 6139.95521 
4  39.00  0.00 138.00  0.00 72.00  0.00 105.00  0.00 129.81453 
4  39.00  0.00 129.00  0.00 69.00  0.00 99.00  0.00 138.25753 
4  39.00  0.00 120.00  0.00 66.00  0.00 93.00  0.00 164.05603 
4  39.00  0.00 111.00  0.00 63.00  0.00 87.00  0.00 214.57797 
4  39.00  0.00 102.00  0.00 60.00  0.00 81.00  0.00 291.33734 
4  39.00  0.00 93.00  0.00 57.00  0.00 75.00  0.00 408.81383 
4  39.00  0.00 84.00  0.00 54.00  0.00 69.00  0.00 652.64997 
4  39.00  0.00 75.00  0.00 51.00  0.00 63.00  0.00 961.38784 
4  39.00  0.00 66.00  0.00 48.00  0.00 57.00  0.00 1456.92373 
4  39.00  0.00 57.00  0.00 45.00  0.00 51.00  0.00 2804.99543 
4  39.00  0.00 48.00  0.00 42.00  0.00 45.00  0.00 6097.06112 
4  42.00  0.00 141.00  0.00 75.00  0.00 108.00  0.00 134.19892 
4  42.00  0.00 132.00  0.00 72.00  0.00 102.00  0.00 141.68721 
4  42.00  0.00 123.00  0.00 69.00  0.00 96.00  0.00 164.20351 
4  42.00  0.00 114.00  0.00 66.00  0.00 90.00  0.00 196.53423 
4  42.00  0.00 105.00  0.00 63.00  0.00 84.00  0.00 275.44423 
4  42.00  0.00 96.00  0.00 60.00  0.00 78.00  0.00 385.18302 
4  42.00  0.00 87.00  0.00 57.00  0.00 72.00  0.00 612.01281 
4  42.00  0.00 78.00  0.00 54.00  0.00 66.00  0.00 1060.13607 
4  42.00  0.00 69.00  0.00 51.00  0.00 60.00  0.00 1505.84008 
4  42.00  0.00 60.00  0.00 48.00  0.00 54.00  0.00 2821.14850 
4  42.00  0.00 51.00  0.00 45.00  0.00 48.00  0.00 5659.25006 
4  45.00  0.00 135.00  0.00 75.00  0.00 105.00  0.00 151.03740 
4  45.00  0.00 126.00  0.00 72.00  0.00 99.00  0.00 166.26891 
4  45.00  0.00 117.00  0.00 69.00  0.00 93.00  0.00 205.30119 
4  45.00  0.00 108.00  0.00 66.00  0.00 87.00  0.00 242.29746 
4  45.00  0.00 99.00  0.00 63.00  0.00 81.00  0.00 355.40953 
4  45.00  0.00 90.00  0.00 60.00  0.00 75.00  0.00 575.18933 
4  45.00  0.00 81.00  0.00 57.00  0.00 69.00  0.00 981.78122 
4  45.00  0.00 72.00  0.00 54.00  0.00 63.00  0.00 1585.31668 
4  45.00  0.00 63.00  0.00 51.00  0.00 57.00  0.00 2811.85066 
4  45.00  0.00 54.00  0.00 48.00  0.00 51.00  0.00 5998.86973 
4  48.00  0.00 138.00  0.00 78.00  0.00 108.00  0.00 163.34981 
4  48.00  0.00 129.00  0.00 75.00  0.00 102.00  0.00 169.81312 
4  48.00  0.00 120.00  0.00 72.00  0.00 96.00  0.00 203.11043 
4  48.00  0.00 111.00  0.00 69.00  0.00 90.00  0.00 245.26873 
4  48.00  0.00 102.00  0.00 66.00  0.00 84.00  0.00 309.69657 
4  48.00  0.00 93.00  0.00 63.00  0.00 78.00  0.00 486.36020 
4  48.00  0.00 84.00  0.00 60.00  0.00 72.00  0.00 864.49657 
4  48.00  0.00 75.00  0.00 57.00  0.00 66.00  0.00 1568.96054 
4  48.00  0.00 66.00  0.00 54.00  0.00 60.00  0.00 2496.45772 
4  48.00  0.00 57.00  0.00 51.00  0.00 54.00  0.00 5684.46912 
4  51.00  0.00 141.00  0.00 81.00  0.00 111.00  0.00 170.64680 
4  51.00  0.00 132.00  0.00 78.00  0.00 105.00  0.00 185.02171 
4  51.00  0.00 123.00  0.00 75.00  0.00 99.00  0.00 206.41459 
4  51.00  0.00 114.00  0.00 72.00  0.00 93.00  0.00 263.30051 
4  51.00  0.00 105.00  0.00 69.00  0.00 87.00  0.00 308.35877 
4  51.00  0.00 96.00  0.00 66.00  0.00 81.00  0.00 407.91418 
4  51.00  0.00 87.00  0.00 63.00  0.00 75.00  0.00 763.10745 
4  51.00  0.00 78.00  0.00 60.00  0.00 69.00  0.00 1488.33459 
4  51.00  0.00 69.00  0.00 57.00  0.00 63.00  0.00 2444.52937 
4  51.00  0.00 60.00  0.00 54.00  0.00 57.00  0.00 6056.92542 
4  54.00  0.00 135.00  0.00 81.00  0.00 108.00  0.00 198.86542 
4  54.00  0.00 126.00  0.00 78.00  0.00 102.00  0.00 219.46536 
4  54.00  0.00 117.00  0.00 75.00  0.00 96.00  0.00 266.75874 
4  54.00  0.00 108.00  0.00 72.00  0.00 90.00  0.00 324.07519 
4  54.00  0.00 99.00  0.00 69.00  0.00 84.00  0.00 409.70528 
4  54.00  0.00 90.00  0.00 66.00  0.00 78.00  0.00 589.39157 
4  54.00  0.00 81.00  0.00 63.00  0.00 72.00  0.00 1242.53785 
4  54.00  0.00 72.00  0.00 60.00  0.00 66.00  0.00 2671.90964 
4  54.00  0.00 63.00  0.00 57.00  0.00 60.00  0.00 5437.08650 
4  57.00  0.00 138.00  0.00 84.00  0.00 111.00  0.00 213.68832 
4  57.00  0.00 129.00  0.00 81.00  0.00 105.00  0.00 236.39588 
4  57.00  0.00 120.00  0.00 78.00  0.00 99.00  0.00 280.95549 
4  57.00  0.00 111.00  0.00 75.00  0.00 93.00  0.00 351.34376 
4  57.00  0.00 102.00  0.00 72.00  0.00 87.00  0.00 424.38240 
4  57.00  0.00 93.00  0.00 69.00  0.00 81.00  0.00 578.02207 
4  57.00  0.00 84.00  0.00 66.00  0.00 75.00  0.00 943.58808 
4  57.00  0.00 75.00  0.00 63.00  0.00 69.00  0.00 2298.13455 
4  57.00  0.00 66.00  0.00 60.00  0.00 63.00  0.00 4744.28373 
4  60.00  0.00 141.00  0.00 87.00  0.00 114.00  0.00 227.09930 
4  60.00  0.00 132.00  0.00 84.00  0.00 108.00  0.00 249.73319 
4  60.00  0.00 123.00  0.00 81.00  0.00 102.00  0.00 291.52938 
4  60.00  0.00 114.00  0.00 78.00  0.00 96.00  0.00 377.55758 
4  60.00  0.00 105.00  0.00 75.00  0.00 90.00  0.00 437.60189 
4  60.00  0.00 96.00  0.00 72.00  0.00 84.00  0.00 598.19852 
4  60.00  0.00 87.00  0.00 69.00  0.00 78.00  0.00 874.15764 
4  60.00  0.00 78.00  0.00 66.00  0.00 72.00  0.00 1674.65073 
4  60.00  0.00 69.00  0.00 63.00  0.00 66.00  0.00 5391.70088 
4  63.00  0.00 135.00  0.00 87.00  0.00 111.00  0.00 274.31132 
4  63.00  0.00 126.00  0.00 84.00  0.00 105.00  0.00 308.14213 
4  63.00  0.00 117.00  0.00 81.00  0.00 99.00  0.00 390.29067 
4  63.00  0.00 108.00  0.00 78.00  0.00 93.00  0.00 507.80682 
4  63.00  0.00 99.00  0.00 75.00  0.00 87.00  0.00 589.01742 
4  63.00  0.00 90.00  0.00 72.00  0.00 81.00  0.00 914.32448 
4  63.00  0.00 81.00  0.00 69.00  0.00 75.00  0.00 1588.93769 
4  63.00  0.00 72.00  0.00 66.00  0.00 69.00  0.00 3968.94561 
4  66.00  0.00 138.00  0.00 90.00  0.00 114.00  0.00 300.89788 
4  66.00  0.00 129.00  0.00 87.00  0.00 108.00  0.00 336.71428 
4  66.00  0.00 120.00  0.00 84.00  0.00 102.00  0.00 394.95367 
4  66.00  0.00 111.00  0.00 81.00  0.00 96.00  0.00 531.51753 
4  66.00  0.00 102.00  0.00 78.00  0.00 90.00  0.00 672.80470 
4  66.00  0.00 93.00  0.00 75.00  0.00 84.00  0.00 928.45823 
4  66.00  0.00 84.00  0.00 72.00  0.00 78.00  0.00 1601.28017 
4  66.00  0.00 75.00  0.00 69.00  0.00 72.00  0.00 3937.22742 
4  69.00  0.00 141.00  0.00 93.00  0.00 117.00  0.00 296.09585 
4  69.00  0.00 132.00  0.00 90.00  0.00 111.00  0.00 342.65834 
4  69.00  0.00 123.00  0.00 87.00  0.00 105.00  0.00 401.66699 
4  69.00  0.00 114.00  0.00 84.00  0.00 99.00  0.00 499.74786 
4  69.00  0.00 105.00  0.00 81.00  0.00 93.00  0.00 665.02990 
4  69.00  0.00 96.00  0.00 78.00  0.00 87.00  0.00 905.79791 
4  69.00  0.00 87.00  0.00 75.00  0.00 81.00  0.00 1493.34440 
4  69.00  0.00 78.00  0.00 72.00  0.00 75.00  0.00 4446.27688 
4  72.00  0.00 135.00  0.00 93.00  0.00 114.00  0.00 341.04812 
4  72.00  0.00 126.00  0.00 90.00  0.00 108.00  0.00 399.28727 
4  72.00  0.00 117.00  0.00 87.00  0.00 102.00  0.00 487.71153 
4  72.00  0.00 108.00  0.00 84.00  0.00 96.00  0.00 613.81034 
4  72.00  0.00 99.00  0.00 81.00  0.00 90.00  0.00 821.49098 
4  72.00  0.00 90.00  0.00 78.00  0.00 84.00  0.00 1563.71352 
4  72.00  0.00 81.00  0.00 75.00  0.00 78.00  0.00 3216.44412 
4  75.00  0.00 138.00  0.00 96.00  0.00 117.00  0.00 349.79280 
4  75.00  0.00 129.00  0.00 93.00  0.00 111.00  0.00 389.18265 
4  75.00  0.00 120.00  0.00 90.00  0.00 105.00  0.00 480.10711 
4  75.00  0.00 111.00  0.00 87.00  0.00 99.00  0.00 606.20938 
4  75.00  0.00 102.00  0.00 84.00  0.00 93.00  0.00 807.47205 
4  75.00  0.00 93.00  0.00 81.00  0.00 87.00  0.00 1337.44030 
4  75.00  0.00 84.00  0.00 78.00  0.00 81.00  0.00 3461.25728 
4  78.00  0.00 141.00  0.00 99.00  0.00 120.00  0.00 357.19159 
4  78.00  0.00 132.00  0.00 96.00  0.00 114.00  0.00 391.10941 
4  78.00  0.00 123.00  0.00 93.00  0.00 108.00  0.00 457.07307 
4  78.00  0.00 114.00  0.00 90.00  0.00 102.00  0.00 590.04987 
4  78.00  0.00 105.00  0.00 87.00  0.00 96.00  0.00 761.44525 
4  78.00  0.00 96.00  0.00 84.00  0.00 90.00  0.00 1167.70711 
4  78.00  0.00 87.00  0.00 81.00  0.00 84.00  0.00 3479.15185 
4  81.00  0.00 135.00  0.00 99.00  0.00 117.00  0.00 407.51881 
4  81.00  0.00 126.00  0.00 96.00  0.00 111.00  0.00 465.98489 
4  81.00  0.00 117.00  0.00 93.00  0.00 105.00  0.00 588.57758 
4  81.00  0.00 108.00  0.00 90.00  0.00 99.00  0.00 789.51986 
4  81.00  0.00 99.00  0.00 87.00  0.00 93.00  0.00 1320.61830 
4  81.00  0.00 90.00  0.00 84.00  0.00 87.00  0.00 3260.99441 
4  84.00  0.00 138.00  0.00 102.00  0.00 120.00  0.00 438.42221 
4  84.00  0.00 129.00  0.00 99.00  0.00 114.00  0.00 481.18669 
4  84.00  0.00 120.00  0.00 96.00  0.00 108.00  0.00 587.87807 
4  84.00  0.00 111.00  0.00 93.00  0.00 102.00  0.00 765.36053 
4  84.00  0.00 102.00  0.00 90.00  0.00 96.00  0.00 1352.56325 
4  84.00  0.00 93.00  0.00 87.00  0.00 90.00  0.00 3388.74785 
4  87.00  0.00 141.00  0.00 105.00  0.00 123.00  0.00 449.12592 
4  87.00  0.00 132.00  0.00 102.00  0.00 117.00  0.00 493.03608 
4  87.00  0.00 123.00  0.00 99.00  0.00 111.00  0.00 597.09458 
4  87.00  0.00 114.00  0.00 96.00  0.00 105.00  0.00 811.39331 
4  87.00  0.00 105.00  0.00 93.00  0.00 99.00  0.00 1186.66418 
4  87.00  0.00 96.00  0.00 90.00  0.00 93.00  0.00 4113.48415 
4  90.00  0.00 135.00  0.00 105.00  0.00 120.00  0.00 530.69306 
4  90.00  0.00 126.00  0.00 102.00  0.00 114.00  0.00 623.57004 
4  90.00  0.00 117.00  0.00 99.00  0.00 108.00  0.00 847.08077 
4  90.00  0.00 108.00  0.00 96.00  0.00 102.00  0.00 1239.20160 
4  90.00  0.00 99.00  0.00 93.00  0.00 96.00  0.00 3166.94574 
4  93.00  0.00 138.00  0.00 108.00  0.00 123.00  0.00 583.85172 
4  93.00  0.00 129.00  0.00 105.00  0.00 117.00  0.00 650.09097 
4  93.00  0.00 120.00  0.00 102.00  0.00 111.00  0.00 870.19538 
4  93.00  0.00 111.00  0.00 99.00  0.00 105.00  0.00 1373.03110 
4  93.00  0.00 102.00  0.00 96.00  0.00 99.00  0.00 3743.57099 
4  96.00  0.00 141.00  0.00 111.00  0.00 126.00  0.00 602.44863 
4  96.00  0.00 132.00  0.00 108.00  0.00 120.00  0.00 682.96942 
4  96.00  0.00 123.00  0.00 105.00  0.00 114.00  0.00 862.31454 
4  96.00  0.00 114.00  0.00 102.00  0.00 108.00  0.00 1387.14010 
4  96.00  0.00 105.00  0.00 99.00  0.00 102.00  0.00 2976.25690 
4  99.00  0.00 135.00  0.00 111.00  0.00 123.00  0.00 724.88896 
4  99.00  0.00 126.00  0.00 108.00  0.00 117.00  0.00 876.69447 
4  99.00  0.00 117.00  0.00 105.00  0.00 111.00  0.00 1376.76343 
4  99.00  0.00 108.00  0.00 102.00  0.00 105.00  0.00 3252.08934 
4  102.00  0.00 138.00  0.00 114.00  0.00 126.00  0.00 775.95388 
4  102.00  0.00 129.00  0.00 111.00  0.00 120.00  0.00 923.36703 
4  102.00  0.00 120.00  0.00 108.00  0.00 114.00  0.00 1352.19235 
4  102.00  0.00 111.00  0.00 105.00  0.00 108.00  0.00 2823.62504 
4  105.00  0.00 141.00  0.00 117.00  0.00 129.00  0.00 799.66751 
4  105.00  0.00 132.00  0.00 114.00  0.00 123.00  0.00 971.40633 
4  105.00  0.00 123.00  0.00 111.00  0.00 117.00  0.00 1379.28681 
4  105.00  0.00 114.00  0.00 108.00  0.00 111.00  0.00 2869.72193 
4  108.00  0.00 135.00  0.00 117.00  0.00 126.00  0.00 1040.45848 
4  108.00  0.00 126.00  0.00 114.00  0.00 120.00  0.00 1448.71736 
4  108.00  0.00 117.00  0.00 111.00  0.00 114.00  0.00 3364.95505 
4  111.00  0.00 138.00  0.00 120.00  0.00 129.00  0.00 1016.95093 
4  111.00  0.00 129.00  0.00 117.00  0.00 123.00  0.00 1512.79341 
4  111.00  0.00 120.00  0.00 114.00  0.00 117.00  0.00 2799.53985 
4  114.00  0.00 141.00  0.00 123.00  0.00 132.00  0.00 1005.74794 
4  114.00  0.00 132.00  0.00 120.00  0.00 126.00  0.00 1384.33686 
4  114.00  0.00 123.00  0.00 117.00  0.00 120.00  0.00 3426.89254 
4  117.00  0.00 135.00  0.00 123.00  0.00 129.00  0.00 1362.87617 
4  117.00  0.00 126.00  0.00 120.00  0.00 123.00  0.00 2923.06077 
4  120.00  0.00 138.00  0.00 126.00  0.00 132.00  0.00 1414.06649 
4  120.00  0.00 129.00  0.00 123.00  0.00 126.00  0.00 2830.50172 
4  123.00  0.00 141.00  0.00 129.00  0.00 135.00  0.00 1323.47571 
4  123.00  0.00 132.00  0.00 126.00  0.00 129.00  0.00 2564.94546 
4  126.00  0.00 135.00  0.00 129.00  0.00 132.00  0.00 2661.28864 
4  129.00  0.00 138.00  0.00 132.00  0.00 135.00  0.00 2336.94906 
4  132.00  0.00 141.00  0.00 135.00  0.00 138.00  0.00 2106.30143 
4  72.00  0.00 207.00  0.00 117.00  0.00 162.00  0.00 65.76069 
4  72.00  0.00 198.00  0.00 114.00  0.00 156.00  0.00 80.53370 
4  72.00  0.00 189.00  0.00 111.00  0.00 150.00  0.00 108.20991 
4  72.00  0.00 180.00  0.00 108.00  0.00 144.00  0.00 140.62940 
4  72.00  0.00 171.00  0.00 105.00  0.00 138.00  0.00 181.97542 
4  72.00  0.00 162.00  0.00 102.00  0.00 132.00  0.00 239.67129 
4  72.00  0.00 153.00  0.00 99.00  0.00 126.00  0.00 283.19004 
4  72.00  0.00 144.00  0.00 96.00  0.00 120.00  0.00 310.34338 
4  75.00  0.00 210.00  0.00 120.00  0.00 165.00  0.00 63.97952 
4  75.00  0.00 201.00  0.00 117.00  0.00 159.00  0.00 79.96885 
4  75.00  0.00 192.00  0.00 114.00  0.00 153.00  0.00 101.20012 
4  75.00  0.00 183.00  0.00 111.00  0.00 147.00  0.00 134.01853 
4  75.00  0.00 174.00  0.00 108.00  0.00 141.00  0.00 182.23103 
4  75.00  0.00 165.00  0.00 105.00  0.00 135.00  0.00 233.22746 
4  75.00  0.00 156.00  0.00 102.00  0.00 129.00  0.00 293.06640 
4  75.00  0.00 147.00  0.00 99.00  0.00 123.00  0.00 326.06408 
4  78.00  0.00 213.00  0.00 123.00  0.00 168.00  0.00 61.19779 
4  78.00  0.00 204.00  0.00 120.00  0.00 162.00  0.00 77.06052 
4  78.00  0.00 195.00  0.00 117.00  0.00 156.00  0.00 94.46910 
4  78.00  0.00 186.00  0.00 114.00  0.00 150.00  0.00 128.36058 
4  78.00  0.00 177.00  0.00 111.00  0.00 144.00  0.00 171.66641 
4  78.00  0.00 168.00  0.00 108.00  0.00 138.00  0.00 222.92823 
4  78.00  0.00 159.00  0.00 105.00  0.00 132.00  0.00 286.21888 
4  78.00  0.00 150.00  0.00 102.00  0.00 126.00  0.00 334.86185 
4  81.00  0.00 207.00  0.00 123.00  0.00 165.00  0.00 75.81721 
4  81.00  0.00 198.00  0.00 120.00  0.00 159.00  0.00 94.18601 
4  81.00  0.00 189.00  0.00 117.00  0.00 153.00  0.00 125.13122 
4  81.00  0.00 180.00  0.00 114.00  0.00 147.00  0.00 160.24063 
4  81.00  0.00 171.00  0.00 111.00  0.00 141.00  0.00 215.59135 
4  81.00  0.00 162.00  0.00 108.00  0.00 135.00  0.00 283.57501 
4  81.00  0.00 153.00  0.00 105.00  0.00 129.00  0.00 343.24705 
4  81.00  0.00 144.00  0.00 102.00  0.00 123.00  0.00 381.52424 
4  84.00  0.00 210.00  0.00 126.00  0.00 168.00  0.00 74.33111 
4  84.00  0.00 201.00  0.00 123.00  0.00 162.00  0.00 91.84031 
4  84.00  0.00 192.00  0.00 120.00  0.00 156.00  0.00 115.89754 
4  84.00  0.00 183.00  0.00 117.00  0.00 150.00  0.00 158.49300 
4  84.00  0.00 174.00  0.00 114.00  0.00 144.00  0.00 209.36423 
4  84.00  0.00 165.00  0.00 111.00  0.00 138.00  0.00 271.92150 
4  84.00  0.00 156.00  0.00 108.00  0.00 132.00  0.00 353.51420 
4  84.00  0.00 147.00  0.00 105.00  0.00 126.00  0.00 404.63952 
4  87.00  0.00 213.00  0.00 129.00  0.00 171.00  0.00 72.53806 
4  87.00  0.00 204.00  0.00 126.00  0.00 165.00  0.00 91.27825 
4  87.00  0.00 195.00  0.00 123.00  0.00 159.00  0.00 113.04436 
4  87.00  0.00 186.00  0.00 120.00  0.00 153.00  0.00 149.13315 
4  87.00  0.00 177.00  0.00 117.00  0.00 147.00  0.00 198.85050 
4  87.00  0.00 168.00  0.00 114.00  0.00 141.00  0.00 267.92548 
4  87.00  0.00 159.00  0.00 111.00  0.00 135.00  0.00 341.88870 
4  87.00  0.00 150.00  0.00 108.00  0.00 129.00  0.00 408.77215 
4  90.00  0.00 207.00  0.00 129.00  0.00 168.00  0.00 91.20651 
4  90.00  0.00 198.00  0.00 126.00  0.00 162.00  0.00 113.11992 
4  90.00  0.00 189.00  0.00 123.00  0.00 156.00  0.00 148.61591 
4  90.00  0.00 180.00  0.00 120.00  0.00 150.00  0.00 193.48954 
4  90.00  0.00 171.00  0.00 117.00  0.00 144.00  0.00 253.89255 
4  90.00  0.00 162.00  0.00 114.00  0.00 138.00  0.00 337.97368 
4  90.00  0.00 153.00  0.00 111.00  0.00 132.00  0.00 423.35976 
4  90.00  0.00 144.00  0.00 108.00  0.00 126.00  0.00 485.50534 
4  93.00  0.00 210.00  0.00 132.00  0.00 171.00  0.00 94.02883 
4  93.00  0.00 201.00  0.00 129.00  0.00 165.00  0.00 115.73124 
4  93.00  0.00 192.00  0.00 126.00  0.00 159.00  0.00 148.97681 
4  93.00  0.00 183.00  0.00 123.00  0.00 153.00  0.00 194.60958 
4  93.00  0.00 174.00  0.00 120.00  0.00 147.00  0.00 250.43619 
4  93.00  0.00 165.00  0.00 117.00  0.00 141.00  0.00 341.68684 
4  93.00  0.00 156.00  0.00 114.00  0.00 135.00  0.00 441.69295 
4  93.00  0.00 147.00  0.00 111.00  0.00 129.00  0.00 520.38104 
4  96.00  0.00 213.00  0.00 135.00  0.00 174.00  0.00 93.67130 
4  96.00  0.00 204.00  0.00 132.00  0.00 168.00  0.00 116.95898 
4  96.00  0.00 195.00  0.00 129.00  0.00 162.00  0.00 143.80747 
4  96.00  0.00 186.00  0.00 126.00  0.00 156.00  0.00 187.44758 
4  96.00  0.00 177.00  0.00 123.00  0.00 150.00  0.00 251.95089 
4  96.00  0.00 168.00  0.00 120.00  0.00 144.00  0.00 323.75361 
4  96.00  0.00 159.00  0.00 117.00  0.00 138.00  0.00 424.49747 
4  96.00  0.00 150.00  0.00 114.00  0.00 132.00  0.00 527.78403 
4  99.00  0.00 207.00  0.00 135.00  0.00 171.00  0.00 119.70197 
4  99.00  0.00 198.00  0.00 132.00  0.00 165.00  0.00 146.16525 
4  99.00  0.00 189.00  0.00 129.00  0.00 159.00  0.00 195.07491 
4  99.00  0.00 180.00  0.00 126.00  0.00 153.00  0.00 242.81829 
4  99.00  0.00 171.00  0.00 123.00  0.00 147.00  0.00 307.81450 
4  99.00  0.00 162.00  0.00 120.00  0.00 141.00  0.00 422.80027 
4  99.00  0.00 153.00  0.00 117.00  0.00 135.00  0.00 535.15617 
4  99.00  0.00 144.00  0.00 114.00  0.00 129.00  0.00 633.72583 
4  102.00  0.00 210.00  0.00 138.00  0.00 174.00  0.00 121.77622 
4  102.00  0.00 201.00  0.00 135.00  0.00 168.00  0.00 149.12803 
4  102.00  0.00 192.00  0.00 132.00  0.00 162.00  0.00 188.18187 
4  102.00  0.00 183.00  0.00 129.00  0.00 156.00  0.00 242.67129 
4  102.00  0.00 174.00  0.00 126.00  0.00 150.00  0.00 316.75447 
4  102.00  0.00 165.00  0.00 123.00  0.00 144.00  0.00 407.19410 
4  102.00  0.00 156.00  0.00 120.00  0.00 138.00  0.00 528.58321 
4  102.00  0.00 147.00  0.00 117.00  0.00 132.00  0.00 665.09863 
4  105.00  0.00 213.00  0.00 141.00  0.00 177.00  0.00 124.14725 
4  105.00  0.00 204.00  0.00 138.00  0.00 171.00  0.00 158.14470 
4  105.00  0.00 195.00  0.00 135.00  0.00 165.00  0.00 191.82941 
4  105.00  0.00 186.00  0.00 132.00  0.00 159.00  0.00 250.43323 
4  105.00  0.00 177.00  0.00 129.00  0.00 153.00  0.00 320.55871 
4  105.00  0.00 168.00  0.00 126.00  0.00 147.00  0.00 397.50253 
4  105.00  0.00 159.00  0.00 123.00  0.00 141.00  0.00 533.09488 
4  105.00  0.00 150.00  0.00 120.00  0.00 135.00  0.00 654.95020 
4  108.00  0.00 207.00  0.00 141.00  0.00 174.00  0.00 159.80553 
4  108.00  0.00 198.00  0.00 138.00  0.00 168.00  0.00 200.25440 
4  108.00  0.00 189.00  0.00 135.00  0.00 162.00  0.00 260.50151 
4  108.00  0.00 180.00  0.00 132.00  0.00 156.00  0.00 315.59199 
4  108.00  0.00 171.00  0.00 129.00  0.00 150.00  0.00 403.29184 
4  108.00  0.00 162.00  0.00 126.00  0.00 144.00  0.00 521.44340 
4  108.00  0.00 153.00  0.00 123.00  0.00 138.00  0.00 656.06826 
4  108.00  0.00 144.00  0.00 120.00  0.00 132.00  0.00 814.92568 
4  111.00  0.00 210.00  0.00 144.00  0.00 177.00  0.00 167.08958 
4  111.00  0.00 201.00  0.00 141.00  0.00 171.00  0.00 204.40134 
4  111.00  0.00 192.00  0.00 138.00  0.00 165.00  0.00 260.32225 
4  111.00  0.00 183.00  0.00 135.00  0.00 159.00  0.00 336.90300 
4  111.00  0.00 174.00  0.00 132.00  0.00 153.00  0.00 410.77625 
4  111.00  0.00 165.00  0.00 129.00  0.00 147.00  0.00 504.07286 
4  111.00  0.00 156.00  0.00 126.00  0.00 141.00  0.00 675.24043 
4  111.00  0.00 147.00  0.00 123.00  0.00 135.00  0.00 828.76957 
4  114.00  0.00 213.00  0.00 147.00  0.00 180.00  0.00 174.77968 
4  114.00  0.00 204.00  0.00 144.00  0.00 174.00  0.00 210.94366 
4  114.00  0.00 195.00  0.00 141.00  0.00 168.00  0.00 257.01524 
4  114.00  0.00 186.00  0.00 138.00  0.00 162.00  0.00 337.00202 
4  114.00  0.00 177.00  0.00 135.00  0.00 156.00  0.00 419.57748 
4  114.00  0.00 168.00  0.00 132.00  0.00 150.00  0.00 518.03620 
4  114.00  0.00 159.00  0.00 129.00  0.00 144.00  0.00 645.40463 
4  114.00  0.00 150.00  0.00 126.00  0.00 138.00  0.00 793.25950 
4  117.00  0.00 207.00  0.00 147.00  0.00 177.00  0.00 217.31693 
4  117.00  0.00 198.00  0.00 144.00  0.00 171.00  0.00 268.37543 
4  117.00  0.00 189.00  0.00 141.00  0.00 165.00  0.00 344.52729 
4  117.00  0.00 180.00  0.00 138.00  0.00 159.00  0.00 434.73981 
4  117.00  0.00 171.00  0.00 135.00  0.00 153.00  0.00 517.62445 
4  117.00  0.00 162.00  0.00 132.00  0.00 147.00  0.00 625.19116 
4  117.00  0.00 153.00  0.00 129.00  0.00 141.00  0.00 811.46511 
4  117.00  0.00 144.00  0.00 126.00  0.00 135.00  0.00 995.67359 
4  120.00  0.00 210.00  0.00 150.00  0.00 180.00  0.00 222.74132 
4  120.00  0.00 201.00  0.00 147.00  0.00 174.00  0.00 274.17892 
4  120.00  0.00 192.00  0.00 144.00  0.00 168.00  0.00 346.92265 
4  120.00  0.00 183.00  0.00 141.00  0.00 162.00  0.00 439.20258 
4  120.00  0.00 174.00  0.00 138.00  0.00 156.00  0.00 540.75797 
4  120.00  0.00 165.00  0.00 135.00  0.00 150.00  0.00 663.20265 
4  120.00  0.00 156.00  0.00 132.00  0.00 144.00  0.00 802.22752 
4  120.00  0.00 147.00  0.00 129.00  0.00 138.00  0.00 995.66984 
4  123.00  0.00 213.00  0.00 153.00  0.00 183.00  0.00 226.81190 
4  123.00  0.00 204.00  0.00 150.00  0.00 177.00  0.00 278.00430 
4  123.00  0.00 195.00  0.00 147.00  0.00 171.00  0.00 354.21936 
4  123.00  0.00 186.00  0.00 144.00  0.00 165.00  0.00 451.84742 
4  123.00  0.00 177.00  0.00 141.00  0.00 159.00  0.00 573.31895 
4  123.00  0.00 168.00  0.00 138.00  0.00 153.00  0.00 682.55621 
4  123.00  0.00 159.00  0.00 135.00  0.00 147.00  0.00 790.73774 
4  123.00  0.00 150.00  0.00 132.00  0.00 141.00  0.00 996.44664 
4  126.00  0.00 207.00  0.00 153.00  0.00 180.00  0.00 289.42588 
4  126.00  0.00 198.00  0.00 150.00  0.00 174.00  0.00 352.84946 
4  126.00  0.00 189.00  0.00 147.00  0.00 168.00  0.00 478.85975 
4  126.00  0.00 180.00  0.00 144.00  0.00 162.00  0.00 582.81472 
4  126.00  0.00 171.00  0.00 141.00  0.00 156.00  0.00 676.22720 
4  126.00  0.00 162.00  0.00 138.00  0.00 150.00  0.00 866.11524 
4  126.00  0.00 153.00  0.00 135.00  0.00 144.00  0.00 1008.29342 
4  126.00  0.00 144.00  0.00 132.00  0.00 138.00  0.00 1247.59439 
4  129.00  0.00 210.00  0.00 156.00  0.00 183.00  0.00 294.87717 
4  129.00  0.00 201.00  0.00 153.00  0.00 177.00  0.00 356.55139 
4  129.00  0.00 192.00  0.00 150.00  0.00 171.00  0.00 465.35779 
4  129.00  0.00 183.00  0.00 147.00  0.00 165.00  0.00 612.63200 
4  129.00  0.00 174.00  0.00 144.00  0.00 159.00  0.00 759.53591 
4  129.00  0.00 165.00  0.00 141.00  0.00 153.00  0.00 857.45539 
4  129.00  0.00 156.00  0.00 138.00  0.00 147.00  0.00 1027.91617 
4  129.00  0.00 147.00  0.00 135.00  0.00 141.00  0.00 1376.37521 
4  132.00  0.00 213.00  0.00 159.00  0.00 186.00  0.00 290.23872 
4  132.00  0.00 204.00  0.00 156.00  0.00 180.00  0.00 372.84868 
4  132.00  0.00 195.00  0.00 153.00  0.00 174.00  0.00 451.82679 
4  132.00  0.00 186.00  0.00 150.00  0.00 168.00  0.00 601.17280 
4  132.00  0.00 177.00  0.00 147.00  0.00 162.00  0.00 791.49382 
4  132.00  0.00 168.00  0.00 144.00  0.00 156.00  0.00 901.72540 
4  132.00  0.00 159.00  0.00 141.00  0.00 150.00  0.00 1062.75651 
4  132.00  0.00 150.00  0.00 138.00  0.00 144.00  0.00 1365.62735 
4  135.00  0.00 207.00  0.00 159.00  0.00 183.00  0.00 356.50337 
4  135.00  0.00 198.00  0.00 156.00  0.00 177.00  0.00 457.98540 
4  135.00  0.00 189.00  0.00 153.00  0.00 171.00  0.00 619.96365 
4  135.00  0.00 180.00  0.00 150.00  0.00 165.00  0.00 773.38578 
4  135.00  0.00 171.00  0.00 147.00  0.00 159.00  0.00 982.48475 
4  135.00  0.00 162.00  0.00 144.00  0.00 153.00  0.00 1126.23277 
4  135.00  0.00 153.00  0.00 141.00  0.00 147.00  0.00 1225.20185 
4  135.00  0.00 144.00  0.00 138.00  0.00 141.00  0.00 2527.58840 
4  138.00  0.00 210.00  0.00 162.00  0.00 186.00  0.00 354.74449 
4  138.00  0.00 201.00  0.00 159.00  0.00 180.00  0.00 441.62813 
4  138.00  0.00 192.00  0.00 156.00  0.00 174.00  0.00 587.00433 
4  138.00  0.00 183.00  0.00 153.00  0.00 168.00  0.00 780.38795 
4  138.00  0.00 174.00  0.00 150.00  0.00 162.00  0.00 978.00626 
4  138.00  0.00 165.00  0.00 147.00  0.00 156.00  0.00 1164.15725 
4  138.00  0.00 156.00  0.00 144.00  0.00 150.00  0.00 1439.47720 
4  138.00  0.00 147.00  0.00 141.00  0.00 144.00  0.00 2060.87719 
4  141.00  0.00 213.00  0.00 165.00  0.00 189.00  0.00 340.80931 
4  141.00  0.00 204.00  0.00 162.00  0.00 183.00  0.00 439.92368 
4  141.00  0.00 195.00  0.00 159.00  0.00 177.00  0.00 551.43874 
4  141.00  0.00 186.00  0.00 156.00  0.00 171.00  0.00 792.87479 
4  141.00  0.00 177.00  0.00 153.00  0.00 165.00  0.00 1030.69487 
4  141.00  0.00 168.00  0.00 150.00  0.00 159.00  0.00 1263.54373 
4  141.00  0.00 159.00  0.00 147.00  0.00 153.00  0.00 1528.08738 
4  141.00  0.00 150.00  0.00 144.00  0.00 147.00  0.00 2045.81485 
4  144.00  0.00 207.00  0.00 165.00  0.00 186.00  0.00 425.05896 
4  144.00  0.00 198.00  0.00 162.00  0.00 180.00  0.00 551.16278 
4  144.00  0.00 189.00  0.00 159.00  0.00 174.00  0.00 742.40178 
4  144.00  0.00 180.00  0.00 156.00  0.00 168.00  0.00 1017.26012 
4  144.00  0.00 171.00  0.00 153.00  0.00 162.00  0.00 1228.05308 
4  144.00  0.00 162.00  0.00 150.00  0.00 156.00  0.00 1471.89856 
4  144.00  0.00 153.00  0.00 147.00  0.00 150.00  0.00 2468.17240 
4  147.00  0.00 210.00  0.00 168.00  0.00 189.00  0.00 403.03784 
4  147.00  0.00 201.00  0.00 165.00  0.00 183.00  0.00 517.11719 
4  147.00  0.00 192.00  0.00 162.00  0.00 177.00  0.00 698.00873 
4  147.00  0.00 183.00  0.00 159.00  0.00 171.00  0.00 986.62105 
4  147.00  0.00 174.00  0.00 156.00  0.00 165.00  0.00 1336.52885 
4  147.00  0.00 165.00  0.00 153.00  0.00 159.00  0.00 1651.94765 
4  147.00  0.00 156.00  0.00 150.00  0.00 153.00  0.00 2334.93646 
4  150.00  0.00 213.00  0.00 171.00  0.00 192.00  0.00 401.54881 
4  150.00  0.00 204.00  0.00 168.00  0.00 186.00  0.00 531.97759 
4  150.00  0.00 195.00  0.00 165.00  0.00 180.00  0.00 693.67173 
4  150.00  0.00 186.00  0.00 162.00  0.00 174.00  0.00 951.96989 
4  150.00  0.00 177.00  0.00 159.00  0.00 168.00  0.00 1354.44350 
4  150.00  0.00 168.00  0.00 156.00  0.00 162.00  0.00 1789.04360 
4  150.00  0.00 159.00  0.00 153.00  0.00 156.00  0.00 2355.05145 
4  153.00  0.00 207.00  0.00 171.00  0.00 189.00  0.00 499.55227 
4  153.00  0.00 198.00  0.00 168.00  0.00 183.00  0.00 680.96709 
4  153.00  0.00 189.00  0.00 165.00  0.00 177.00  0.00 960.72312 
4  153.00  0.00 180.00  0.00 162.00  0.00 171.00  0.00 1359.59837 
4  153.00  0.00 171.00  0.00 159.00  0.00 165.00  0.00 1743.40257 
4  153.00  0.00 162.00  0.00 156.00  0.00 159.00  0.00 3063.44501 
4  156.00  0.00 210.00  0.00 174.00  0.00 192.00  0.00 520.23281 
4  156.00  0.00 201.00  0.00 171.00  0.00 186.00  0.00 663.97359 
4  156.00  0.00 192.00  0.00 168.00  0.00 180.00  0.00 956.66571 
4  156.00  0.00 183.00  0.00 165.00  0.00 174.00  0.00 1299.20891 
4  156.00  0.00 174.00  0.00 162.00  0.00 168.00  0.00 1921.03771 
4  156.00  0.00 165.00  0.00 159.00  0.00 162.00  0.00 2565.21412 
4  159.00  0.00 213.00  0.00 177.00  0.00 195.00  0.00 542.93765 
4  159.00  0.00 204.00  0.00 174.00  0.00 189.00  0.00 693.92915 
4  159.00  0.00 195.00  0.00 171.00  0.00 183.00  0.00 918.97198 
4  159.00  0.00 186.00  0.00 168.00  0.00 177.00  0.00 1332.44911 
4  159.00  0.00 177.00  0.00 165.00  0.00 171.00  0.00 2100.18172 
4  159.00  0.00 168.00  0.00 162.00  0.00 165.00  0.00 3430.55243 
4  162.00  0.00 207.00  0.00 177.00  0.00 192.00  0.00 704.80507 
4  162.00  0.00 198.00  0.00 174.00  0.00 186.00  0.00 978.13024 
4  162.00  0.00 189.00  0.00 171.00  0.00 180.00  0.00 1415.72106 
4  162.00  0.00 180.00  0.00 168.00  0.00 174.00  0.00 1923.12560 
4  162.00  0.00 171.00  0.00 165.00  0.00 168.00  0.00 3049.93333 
4  165.00  0.00 210.00  0.00 180.00  0.00 195.00  0.00 697.01651 
4  165.00  0.00 201.00  0.00 177.00  0.00 189.00  0.00 953.52413 
4  165.00  0.00 192.00  0.00 174.00  0.00 183.00  0.00 1433.04774 
4  165.00  0.00 183.00  0.00 171.00  0.00 177.00  0.00 1949.56653 
4  165.00  0.00 174.00  0.00 168.00  0.00 171.00  0.00 3760.12936 
4  168.00  0.00 213.00  0.00 183.00  0.00 198.00  0.00 675.10473 
4  168.00  0.00 204.00  0.00 180.00  0.00 192.00  0.00 947.09806 
4  168.00  0.00 195.00  0.00 177.00  0.00 186.00  0.00 1467.13903 
4  168.00  0.00 186.00  0.00 174.00  0.00 180.00  0.00 2222.41847 
4  168.00  0.00 177.00  0.00 171.00  0.00 174.00  0.00 3463.36259 
4  171.00  0.00 207.00  0.00 183.00  0.00 195.00  0.00 971.45679 
4  171.00  0.00 198.00  0.00 180.00  0.00 189.00  0.00 1349.75073 
4  171.00  0.00 189.00  0.00 177.00  0.00 183.00  0.00 2425.57601 
4  171.00  0.00 180.00  0.00 174.00  0.00 177.00  0.00 3678.64725 
4  174.00  0.00 210.00  0.00 186.00  0.00 198.00  0.00 876.84139 
4  174.00  0.00 201.00  0.00 183.00  0.00 192.00  0.00 1360.19122 
4  174.00  0.00 192.00  0.00 180.00  0.00 186.00  0.00 2304.66197 
4  174.00  0.00 183.00  0.00 177.00  0.00 180.00  0.00 4697.50962 
4  177.00  0.00 213.00  0.00 189.00  0.00 201.00  0.00 921.06404 
4  177.00  0.00 204.00  0.00 186.00  0.00 195.00  0.00 1352.48416 
4  177.00  0.00 195.00  0.00 183.00  0.00 189.00  0.00 2127.08945 
4  177.00  0.00 186.00  0.00 180.00  0.00 183.00  0.00 3937.55727 
4  180.00  0.00 207.00  0.00 189.00  0.00 198.00  0.00 1398.09951 
4  180.00  0.00 198.00  0.00 186.00  0.00 192.00  0.00 2274.37191 
4  180.00  0.00 189.00  0.00 183.00  0.00 186.00  0.00 5865.47516 
4  183.00  0.00 210.00  0.00 192.00  0.00 201.00  0.00 1343.51710 
4  183.00  0.00 201.00  0.00 189.00  0.00 195.00  0.00 2538.86657 
4  183.00  0.00 192.00  0.00 186.00  0.00 189.00  0.00 4512.31710 
4  186.00  0.00 213.00  0.00 195.00  0.00 204.00  0.00 1291.97148 
4  186.00  0.00 204.00  0.00 192.00  0.00 198.00  0.00 2328.92989 
4  186.00  0.00 195.00  0.00 189.00  0.00 192.00  0.00 6210.31379 
4  189.00  0.00 207.00  0.00 195.00  0.00 201.00  0.00 2185.87120 
4  189.00  0.00 198.00  0.00 192.00  0.00 195.00  0.00 6256.60772 
4  192.00  0.00 210.00  0.00 198.00  0.00 204.00  0.00 2332.38755 
4  192.00  0.00 201.00  0.00 195.00  0.00 198.00  0.00 5091.21326 
4  195.00  0.00 213.00  0.00 201.00  0.00 207.00  0.00 2497.04251 
4  195.00  0.00 204.00  0.00 198.00  0.00 201.00  0.00 6998.42297 
4  198.00  0.00 207.00  0.00 201.00  0.00 204.00  0.00 5439.20688 
4  201.00  0.00 210.00  0.00 204.00  0.00 207.00  0.00 7282.39845 
4  204.00  0.00 213.00  0.00 207.00  0.00 210.00  0.00 6277.61455 
0
0
0
0
