! Data File written by ERTLab DACQ 
#IVersion     	             11.5.12       	             DAS-1 Version 	             Version10.06
#IDate        	             xx/xx/xxxx 
! ----------------------------------------------------!
#ST
! ----------------------------------------------------!
#ITitle       	             ""
#IInfo        	             "
32e, 1m, 4.166hz
"
#SName        	             "DDAS1_32E_SK1N_SEPAR"
#SGDflt       	             0             	             !Gain Index for Fixed Gain Settings
#SR50Hz       	             !Use 50 Rejection Settings
#SMuxN        	              1            	             !Number of Mux
#SXcale       	             1.0           	             !Multiply the X,Y,Z locations by this amount
#SOffset	     0             	             !Shift the MUX pin numbers by this amount
#SBtwnRd	     0
#SZMode       	              0            	             !0=Normal, 1=Marine, 2=Magnetic
!TX Section 
#XMXVlt       	             480           	             !Maximum Tx Voltage 
#XCurMx       	             2500          	             !Maximum Tx Current 
#XPowMx       	             250           	             !Maximum Tx Power 
#XVTrgt       	             200           	             !Target Tx Voltage 
#XITrgt       	             2000          	             !Target Tx Current 
#XBtVmn       	             11            	             !Minimum Tx Battery Voltage 
#XTmpMx       	             70            	             !Maximum Tx Temperature 
#XLrRes       	             1             	             !Minimum Tx Electrode Pair Resistance 
#XUpRes       	             200000        	             !Maximum Tx Electrode Pair Resistance 
#XRescheck
!TDIP Section 
#TFrequ       	             02.083000
#TStcks       	             2             	             !Number of Stacks for TDIP
#TRDely       	             50            	             !Pre-Resistivity Measurement Delay (ms)
#TLngtR       	             40.000        	             !Length of Resistivity Measurement Window (ms)
#TIPDly       	             10            	             !IP Delay Before First IP Window (ms) 
#TChrg        	             !Display IP Values as Chargebility 
!List of IP Windows
#TW01         	             20.000
#TW02         	             20.000
#TW03         	             20.000
#TW04         	             20.000
#TW05         	             20.000
#elec_start
!Cbl# El# Elec-X  Elec-Y  Elec-Z  Terrn-Z  Type  El.Num
001,01 +.00000 +.00000 +.00000 +.00000 001
001,02 +1.0000 +.00000 +.00000 +.00000 002
001,03 +2.0000 +.00000 +.00000 +.00000 003
001,04 +3.0000 +.00000 +.00000 +.00000 004
001,05 +4.0000 +.00000 +.00000 +.00000 005
001,06 +5.0000 +.00000 +.00000 +.00000 006
001,07 +6.0000 +.00000 +.00000 +.00000 007
001,08 +7.0000 +.00000 +.00000 +.00000 008
001,09 +8.0000 +.00000 +.00000 +.00000 009
001,10 +9.0000 +.00000 +.00000 +.00000 010
001,11 +10.000 +.00000 +.00000 +.00000 011
001,12 +11.000 +.00000 +.00000 +.00000 012
001,13 +12.000 +.00000 +.00000 +.00000 013
001,14 +13.000 +.00000 +.00000 +.00000 014
001,15 +14.000 +.00000 +.00000 +.00000 015
001,16 +15.000 +.00000 +.00000 +.00000 016
001,17 +16.000 +.00000 +.00000 +.00000 017
001,18 +17.000 +.00000 +.00000 +.00000 018
001,19 +18.000 +.00000 +.00000 +.00000 019
001,20 +19.000 +.00000 +.00000 +.00000 020
001,21 +20.000 +.00000 +.00000 +.00000 021
001,22 +21.000 +.00000 +.00000 +.00000 022
001,23 +22.000 +.00000 +.00000 +.00000 023
001,24 +23.000 +.00000 +.00000 +.00000 024
001,25 +24.000 +.00000 +.00000 +.00000 025
001,26 +25.000 +.00000 +.00000 +.00000 026
001,27 +26.000 +.00000 +.00000 +.00000 027
001,28 +27.000 +.00000 +.00000 +.00000 028
001,29 +28.000 +.00000 +.00000 +.00000 029
001,30 +29.000 +.00000 +.00000 +.00000 030
001,31 +30.000 +.00000 +.00000 +.00000 031
001,32 +31.000 +.00000 +.00000 +.00000 032
001,33 +32.000 +.00000 +.00000 +.00000 033
001,34 +33.000 +.00000 +.00000 +.00000 034
001,35 +34.000 +.00000 +.00000 +.00000 035
001,36 +35.000 +.00000 +.00000 +.00000 036
001,37 +36.000 +.00000 +.00000 +.00000 037
001,38 +37.000 +.00000 +.00000 +.00000 038
001,39 +38.000 +.00000 +.00000 +.00000 039
001,40 +39.000 +.00000 +.00000 +.00000 040
001,41 +40.000 +.00000 +.00000 +.00000 041
001,42 +41.000 +.00000 +.00000 +.00000 042
001,43 +42.000 +.00000 +.00000 +.00000 043
001,44 +43.000 +.00000 +.00000 +.00000 044
001,45 +44.000 +.00000 +.00000 +.00000 045
001,46 +45.000 +.00000 +.00000 +.00000 046
001,47 +46.000 +.00000 +.00000 +.00000 047
001,48 +47.000 +.00000 +.00000 +.00000 048
001,49 +48.000 +.00000 +.00000 +.00000 049
001,50 +49.000 +.00000 +.00000 +.00000 050
001,51 +50.000 +.00000 +.00000 +.00000 051
001,52 +51.000 +.00000 +.00000 +.00000 052
001,53 +52.000 +.00000 +.00000 +.00000 053
001,54 +53.000 +.00000 +.00000 +.00000 054
001,55 +54.000 +.00000 +.00000 +.00000 055
001,56 +55.000 +.00000 +.00000 +.00000 056
001,57 +56.000 +.00000 +.00000 +.00000 057
001,58 +57.000 +.00000 +.00000 +.00000 058
001,59 +58.000 +.00000 +.00000 +.00000 059
001,60 +59.000 +.00000 +.00000 +.00000 060
001,61 +60.000 +.00000 +.00000 +.00000 061
001,62 +61.000 +.00000 +.00000 +.00000 062
001,63 +62.000 +.00000 +.00000 +.00000 063
001,64 +63.000 +.00000 +.00000 +.00000 064
#elec_end
!ERTLab Header Info
!Electrodes input/output format
#elec_no_cable= 1
#elec_cable_col= 1
#elec_id_col= 2
#elec_x_col= 3
#elec_y_col= 4
#elec_z_col= 5
#elec_elev_col= -1
#elec_type_col= -1
!Data input/output format
#data_appres= 1
#data_ip_scale= 1000.0
#data_id_col= 1
#data_a_cable_col= 2
#data_a_elec_col= 3
#data_b_cable_col= 4
#data_b_elec_col= 5
#data_m_cable_col= 6
#data_m_elec_col= 7
#data_n_cable_col= 8
#data_n_elec_col= 9
#data_res_col= 10
#data_std_res_col= 11
#data_amp_col= 12
#data_ip_wind_col= 14
#data_std_ip_col= 15
#data_ip_wind_num= 5
#data_ip_win2_col= 016
#data_std_ip2_col= 017
#data_ip_win3_col= 018
#data_std_ip3_col= 019
#data_ip_win4_col= 020
#data_std_ip4_col= 021
#data_ip_win5_col= 022
#data_std_ip5_col= 023
#data_i_curr_col= 24
#data_contact_r_col= 25
#data_tx_v_col= 31
!End ERTLab Header Info

!---------------------------------------------------!
!Batteries   Main 12.6  TX  12.1  TX Voltage      5404
!Temperature Main 38.4  TXp 26.8  TXs 26.8


!---------------------------------------------------!
!Begin Data Section!
#data_start
! ID      A      B      M      N        V/I,      Std.     Amp.,     Std.  IP Window 01,  Std. IP Window 02,  Std. IP Window 03,  Std. IP Window 04,  Std. IP Window 05,  Std.   Current     ContactR  Date_And_Time    Gains     Tx_V
! num   Ca El  Ca El  Ca El  Ca El     (Ohms)    (Ohms)   (Volts)   (Volts)    (mV/V)    (mV/V)    (mV/V)    (mV/V)    (mV/V)    (mV/V)    (mV/V)    (mV/V)    (mV/V)    (mV/V)    (ma)        (Ohms)
000001 001,03 001,01 001,36 001,38 +4.35404316 +.0190816 +1.283656 +.0056256 +2.756624 +.0309428 +1.922359 +.0240952 +1.512475 +.0200131 +1.260889 +.0113971 +1.081028 +.0117165 +294.819500 +466.0000 20181017_142509 CH 01 GN 1   128
000002 001,03 001,01 001,38 001,40 +.489145053 +.0021222 +.1442095 +.0006256 +1.919984 +.0000000 +1.202347 +.0038832 +.8929370 +.0021496 +.7035597 +.0126898 +.5964239 +.0104708 +294.819500 +466.0000 20181017_142509 CH 02 GN 3   128
000003 001,03 001,01 001,40 001,42 +.159902516 +.0006946 +.0471423 +.0002048 +7.337559 +.0000000 +4.853594 +.0021212 +3.654461 +.0082728 +2.927090 +.0670309 +2.434539 +.0521823 +294.819500 +466.0000 20181017_142509 CH 03 GN 3   128
000004 001,03 001,01 001,42 001,44 +.064905917 +.0002845 +.0191355 +.0000838 +15.00768 +.0052258 +10.59547 +.0799559 +8.315944 +.0391941 +6.827090 +.1160145 +5.859780 +.0945884 +294.819500 +466.0000 20181017_142509 CH 04 GN 3   128
000005 001,03 001,01 001,44 001,46 +.028216213 +.0001211 +.0083186 +.0000357 +20.05243 +.1394450 +14.23541 +.1166049 +11.28182 +.0120211 +9.401720 +.1779126 +8.098630 +.1093922 +294.819500 +466.0000 20181017_142509 CH 05 GN 4   128
000006 001,03 001,01 001,46 001,48 +.015084009 +.0000689 +.0044470 +.0000203 +22.58121 +.2630951 +16.18372 +.3552909 +12.71626 +.1551586 +10.54854 +.3575395 +9.482669 +.2563491 +294.819500 +466.0000 20181017_142509 CH 06 GN 3   128
000007 001,03 001,01 001,48 001,50 +.008477627 +.0000372 +.0024993 +.0000109 +22.55768 +.2800705 +15.82798 +.2800705 +12.50315 +.2960746 +11.05478 +.4521139 +9.430376 +.7161804 +294.819500 +466.0000 20181017_142510 CH 07 GN 3   128
000008 001,03 001,01 001,50 001,52 +.004928269 +.0000191 +.0014529 +.0000056 +27.11036 +.5506039 +18.11486 +1.156268 +13.50356 +.6194294 +12.03757 +.1032382 +10.92948 +.8052582 +294.819500 +466.0000 20181017_142510 CH 08 GN 3   128
000009 001,03 001,01 001,37 001,39 +1.04618884 +.0041103 +.3062957 +.0012034 +.2218117 +.0007509 -.1174681 +.0047992 -.1985989 +.0002611 -.2239339 +.0012732 -.2245215 +.0004570 +292.772880 +466.0000 20181017_142513 CH 01 GN 2   127
000010 001,03 001,01 001,39 001,41 +.280179605 +.0011118 +.0820289 +.0003255 +4.394909 +.0236501 +2.816321 +.0582720 +2.096819 +.0259664 +1.620158 +.0117031 +1.312706 +.0079240 +292.772880 +466.0000 20181017_142513 CH 02 GN 3   127
000011 001,03 001,01 001,41 001,43 +.095720409 +.0003848 +.0280243 +.0001126 +11.65950 +.0884945 +8.122938 +.1134727 +6.330568 +.0949174 +5.168364 +.0417494 +4.357997 +.0171279 +292.772880 +466.0000 20181017_142513 CH 03 GN 3   127
000012 001,03 001,01 001,43 001,45 +.041188719 +.0001678 +.0120589 +.0000491 +17.09022 +.1816080 +12.11632 +.2736558 +9.567175 +.0729749 +7.873826 +.1874128 +6.684667 +.0165852 +292.772880 +466.0000 20181017_142513 CH 04 GN 3   127
000013 001,03 001,01 001,45 001,47 +.019794558 +.0000793 +.0057953 +.0000232 +21.91254 +.0241574 +15.69027 +.3226747 +12.62917 +.1794554 +10.51539 +.1018064 +9.045245 +.0207064 +292.772880 +466.0000 20181017_142513 CH 05 GN 3   127
000014 001,03 001,01 001,47 001,49 +.011188228 +.0000535 +.0032756 +.0000156 +23.88868 +.0946388 +16.86098 +.9708115 +13.80506 +.3846611 +11.14601 +.6685777 +9.799701 +.0641102 +292.772880 +466.0000 20181017_142513 CH 06 GN 3   127
000015 001,03 001,01 001,49 001,51 +.006769786 +.0000314 +.0019820 +.0000092 +23.24408 +.0050453 +16.48831 +.9333959 +13.39044 +.5045383 +10.89802 +.5196744 +9.339004 +.2421783 +292.772880 +466.0000 20181017_142513 CH 07 GN 4   127
000016 001,03 001,01 001,51 001,53 +.003486969 +.0000159 +.0010208 +.0000046 +21.40289 +.1077491 +14.27186 +1.890507 +11.80342 +.1763167 +9.315401 +.9207652 +7.875481 +.9501513 +292.772880 +466.0000 20181017_142513 CH 08 GN 3   127
000017 001,04 001,02 001,38 001,40 +1.28325256 +.0059787 +.1387625 +.0006465 +2.900350 +.0214755 +2.093288 +.0181605 +1.665002 +.0018016 +1.391513 +.0172957 +1.200828 +.0178722 +108.133460 +1508.000 20181017_142516 CH 01 GN 3   124
000018 001,04 001,02 001,40 001,42 +.325076992 +.0014946 +.0351517 +.0001616 +5.943382 +.0494997 +4.083728 +.0500687 +3.100561 +.0384049 +2.460193 +.0440946 +2.080126 +.0438101 +108.133460 +1508.000 20181017_142517 CH 02 GN 3   124
000019 001,04 001,02 001,42 001,44 +.116231553 +.0005302 +.0125685 +.0000573 +12.34274 +.1877707 +8.945365 +.0986591 +7.075614 +.0175040 +5.830439 +.1058199 +5.045940 +.1201414 +108.133460 +1508.000 20181017_142517 CH 03 GN 3   124
000020 001,04 001,02 001,44 001,46 +.046123096 +.0001932 +.0049874 +.0000209 +17.44177 +.5573990 +12.84624 +.3809562 +10.37002 +.3268203 +8.358981 +.1423573 +7.474761 +.2746894 +108.133460 +1508.000 20181017_142517 CH 04 GN 4   124
000021 001,04 001,02 001,46 001,48 +.022609005 +.0000883 +.0024447 +.0000095 +23.06537 +.9039631 +16.88079 +.6667239 +13.24449 +.1145292 +10.79438 +.4253944 +9.436393 +.6340012 +108.133460 +1508.000 20181017_142517 CH 05 GN 3   124
000022 001,04 001,02 001,48 001,50 +.011878931 +.0000528 +.0012845 +.0000057 +30.64203 +2.351091 +22.19523 +.4748892 +17.19721 +.1401312 +13.60830 +.6617309 +11.67760 +.6072354 +108.133460 +1508.000 20181017_142517 CH 06 GN 3   124
000023 001,04 001,02 001,50 001,52 +.006756095 +.0000256 +.0007305 +.0000027 +30.55190 +.5475251 +25.11771 +.1916338 +21.62724 +2.545992 +18.64323 +.0821287 +18.62954 +1.067674 +108.133460 +1508.000 20181017_142517 CH 07 GN 3   124
000024 001,04 001,02 001,52 001,54 +.003690624 +.0000090 +.0003990 +.0000009 +5.612909 +6.189235 +6.439811 +1.678861 +8.168788 +.7517289 +6.414753 +2.380475 +7.918211 +.8018442 +108.133460 +1508.000 20181017_142517 CH 08 GN 4   124
000025 001,04 001,02 001,37 001,39 +4.60008539 +.0218157 +.5824236 +.0027621 +3.145150 +.0020431 +2.236825 +.0010130 +1.775391 +.0024037 +1.482031 +.0027128 +1.275034 +.0034854 +126.611480 +1508.000 20181017_142520 CH 01 GN 2   145
000026 001,04 001,02 001,39 001,41 +.626606449 +.0029376 +.0793355 +.0003719 +3.974257 +.0041595 +2.687823 +.0041595 +2.059983 +.0292428 +1.663818 +.0301252 +1.407943 +.0149995 +126.611480 +1508.000 20181017_142520 CH 02 GN 3   145
000027 001,04 001,02 001,41 001,43 +.181327396 +.0008366 +.0229581 +.0001059 +9.320881 +.0217787 +6.604632 +.0265701 +5.227777 +.0117605 +4.389294 +.0775324 +3.836984 +.0531402 +126.611480 +1508.000 20181017_142520 CH 03 GN 3   145
000028 001,04 001,02 001,43 001,45 +.069963324 +.0003301 +.0088581 +.0000418 +15.48854 +.1275660 +10.83182 +.0033867 +8.612398 +.1512729 +7.227234 +.2506163 +6.290245 +.0609607 +126.611480 +1508.000 20181017_142520 CH 04 GN 3   145
000029 001,04 001,02 001,45 001,47 +.030911730 +.0001371 +.0039137 +.0000173 +19.42623 +.1839653 +13.90727 +.0434362 +11.47995 +.0996479 +9.860033 +.4701337 +8.508398 +.0076652 +126.611480 +1508.000 20181017_142520 CH 05 GN 3   145
000030 001,04 001,02 001,47 001,49 +.016531360 +.0000726 +.0020930 +.0000092 +25.35044 +.3201054 +18.19823 +.4921024 +15.03540 +.6784325 +12.89977 +.7214317 +11.95856 +.7500979 +126.611480 +1508.000 20181017_142520 CH 06 GN 3   145
000031 001,04 001,02 001,49 001,51 +.009304922 +.0000436 +.0011781 +.0000055 +25.09952 +.4753376 +17.37528 +.3310387 +14.77790 +.8488171 +13.07178 +1.994720 +11.22985 +1.069509 +126.611480 +1508.000 20181017_142521 CH 07 GN 4   145
000032 001,04 001,02 001,51 001,53 +.004655423 +.0000264 +.0005894 +.0000033 +14.53947 +.7295183 +9.110496 +.0169655 +8.788151 +1.492967 +8.364012 +3.477936 +9.941808 +1.068829 +126.611480 +1508.000 20181017_142521 CH 08 GN 3   145
000033 001,05 001,03 001,38 001,40 +4.64725131 +.0208804 +.9756049 +.0043834 +2.083886 +.0066727 +1.504215 +.0109675 +1.216455 +.0041615 +1.034117 +.0014350 +.8952804 +.0026035 +209.931610 +673.0000 20181017_142524 CH 01 GN 1   133
000034 001,05 001,03 001,40 001,42 +.752970836 +.0033695 +.1580723 +.0007073 +3.953125 +.0297964 +2.623228 +.0173970 +1.959102 +.0000000 +1.577505 +.0148033 +1.294786 +.0193582 +209.931610 +673.0000 20181017_142524 CH 02 GN 2   133
000035 001,05 001,03 001,42 001,44 +.239820673 +.0010576 +.0503459 +.0002220 +9.634143 +.0504509 +6.922504 +.0514440 +5.439961 +.0158900 +4.585871 +.0045683 +3.899222 +.0462798 +209.931610 +673.0000 20181017_142524 CH 03 GN 3   133
000036 001,05 001,03 001,44 001,46 +.087594574 +.0003739 +.0183888 +.0000785 +15.20267 +.1375832 +10.97674 +.0924472 +8.632395 +.0212084 +7.325626 +.0027190 +6.229855 +.1120242 +209.931610 +673.0000 20181017_142524 CH 04 GN 4   133
000037 001,05 001,03 001,46 001,48 +.040480421 +.0001582 +.0084981 +.0000332 +21.31294 +.3377217 +15.29632 +.1294403 +11.92028 +.1788630 +10.19284 +.0553063 +8.679566 +.2294625 +209.931610 +673.0000 20181017_142524 CH 05 GN 3   133
000038 001,05 001,03 001,48 001,50 +.020107214 +.0000835 +.0042211 +.0000175 +28.01375 +.2061054 +18.07094 +.6964943 +14.82064 +.6941252 +13.01544 +.5685667 +10.77434 +1.044741 +209.931610 +673.0000 20181017_142524 CH 06 GN 3   133
000039 001,05 001,03 001,50 001,52 +.011309730 +.0000395 +.0023742 +.0000083 +29.61331 +2.190146 +23.23240 +1.250910 +17.71913 +.1558373 +16.29553 +.0000000 +14.61501 +.5222657 +209.931610 +673.0000 20181017_142524 CH 07 GN 3   133
000040 001,05 001,03 001,52 001,54 +.005575815 +.0000157 +.0011705 +.0000033 +22.34865 +1.358347 +15.36897 +1.196029 +12.05426 +.6065576 +10.43962 +.7176175 +9.320484 +1.717156 +209.931610 +673.0000 20181017_142524 CH 08 GN 4   133
000041 001,05 001,03 001,39 001,41 +1.63215866 +.0084357 +.3211441 +.0016598 +2.708970 +.0022731 +1.798880 +.0030204 +1.348926 +.0021174 +1.071699 +.0013078 +.8859261 +.0008718 +196.760380 +641.0000 20181017_142527 CH 01 GN 2   125
000042 001,05 001,03 001,41 001,43 +.392492380 +.0020120 +.0772269 +.0003959 +6.784937 +.0098411 +4.789001 +.0066039 +3.759179 +.0143732 +3.112255 +.0012948 +2.632759 +.0031077 +196.760380 +641.0000 20181017_142528 CH 02 GN 3   125
000043 001,05 001,03 001,43 001,45 +.138112103 +.0007046 +.0271749 +.0001386 +12.22741 +.0180312 +8.679672 +.0309107 +6.868079 +.0128794 +5.744620 +.0220791 +4.858879 +.0025759 +196.760380 +641.0000 20181017_142528 CH 03 GN 3   125
000044 001,05 001,03 001,45 001,47 +.056921012 +.0002842 +.0111998 +.0000559 +18.35479 +.0982160 +13.24755 +.0214289 +10.60465 +.0125002 +8.944802 +.1062519 +7.667994 +.0098216 +196.760380 +641.0000 20181017_142528 CH 04 GN 3   125
000045 001,05 001,03 001,47 001,49 +.028273578 +.0001340 +.0055631 +.0000263 +24.20404 +.1420066 +17.16482 +.0952702 +13.62005 +.0467363 +11.56365 +.0035951 +9.911704 +.1402090 +196.760380 +641.0000 20181017_142528 CH 05 GN 3   125
000046 001,05 001,03 001,49 001,51 +.015402948 +.0000801 +.0030306 +.0000157 +27.14233 +.3563544 +19.31573 +.0890886 +15.38593 +.0494936 +13.62725 +.2276709 +11.07668 +.2111730 +196.760380 +641.0000 20181017_142528 CH 06 GN 4   125
000047 001,05 001,03 001,51 001,53 +.007218069 +.0000357 +.0014202 +.0000070 +28.40385 +.3238912 +19.03212 +.3238912 +14.47652 +.2675623 +12.07550 +.7041113 +9.984298 +.0633700 +196.760380 +641.0000 20181017_142528 CH 07 GN 3   125
000048 001,05 001,03 001,53 001,55 +.004263104 +.0000169 +.0008388 +.0000033 +18.18051 +2.169740 +13.05420 +.1669031 +11.32556 +.3218845 +10.47913 +1.716717 +9.871126 +.2145897 +196.760380 +641.0000 20181017_142528 CH 08 GN 3   125
000049 001,06 001,04 001,40 001,42 +1.60735506 +.0005650 +.1543331 +.0000542 +1.991729 +.0217062 +1.189180 +.0026565 +.8061779 +.0015550 +.5994822 +.0020734 +.4691149 +.0001943 +96.0168500 +1638.000 20181017_142531 CH 01 GN 2   131
000050 001,06 001,04 001,42 001,44 +.420763126 +.0000000 +.0404003 +.0000000 +6.153412 +.0269799 +4.396249 +.0163364 +3.466801 +.0143563 +2.875717 +.0148513 +2.413592 +.0170790 +96.0168500 +1638.000 20181017_142531 CH 02 GN 3   131
000051 001,06 001,04 001,44 001,46 +.137864760 +.0000498 +.0132373 +.0000047 +11.67530 +.1019842 +8.324179 +.0000000 +6.619910 +.0052880 +5.496572 +.0166196 +4.612709 +.0423045 +96.0168500 +1638.000 20181017_142531 CH 03 GN 4   131
000052 001,06 001,04 001,46 001,48 +.058555451 +.0000248 +.0056223 +.0000023 +17.15842 +.4286494 +12.69051 +.0088931 +9.887395 +.0195649 +8.261728 +.0177862 +6.909971 +.0355725 +96.0168500 +1638.000 20181017_142531 CH 04 GN 3   131
000053 001,06 001,04 001,48 001,50 +.027484238 +.0000000 +.0026389 +.0000000 +21.39487 +1.034502 +16.38530 +.5608291 +13.45610 +.0037893 +11.32647 +.0037893 +9.556831 +.1629435 +96.0168500 +1638.000 20181017_142531 CH 05 GN 3   131
000054 001,06 001,04 001,50 001,52 +.013557620 +.0000000 +.0013017 +.0000000 +25.16592 +1.367379 +18.14466 +.7605088 +13.84279 +.6990535 +11.77636 +.0000000 +9.341199 +.4609144 +96.0168500 +1638.000 20181017_142531 CH 06 GN 3   131
000055 001,06 001,04 001,52 001,54 +.006826197 +.0000061 +.0006554 +.0000005 +13.28898 +3.722746 +13.16692 +.8849152 +10.57321 +.9459438 +9.566238 +1.006972 +5.629891 +.2593717 +96.0168500 +1638.000 20181017_142532 CH 07 GN 4   131
000056 001,06 001,04 001,54 001,56 +.003610095 +.0000114 +.0003466 +.0000011 +73.21928 +4.154285 +46.76456 +2.682976 +31.18599 +.8943253 +26.82976 +1.125119 +19.55976 +.7789285 +96.0168500 +1638.000 20181017_142532 CH 08 GN 3   131
000057 001,06 001,04 001,39 001,41 +4.99545077 +.0000000 +.4518746 +.0000000 +1.698479 +.0092503 +1.005544 +.0062185 +.6928691 +.0052448 +.5046311 +.0043596 +.3930957 +.0002213 +90.4572300 +1571.000 20181017_142535 CH 01 GN 2   123
000058 001,06 001,04 001,41 001,43 +.739517338 +.0000000 +.0668946 +.0000000 +3.965486 +.0373721 +2.733550 +.0097167 +2.121394 +.0119591 +1.662463 +.0381196 +1.451086 +.0013454 +90.4572300 +1571.000 20181017_142535 CH 02 GN 3   123
000059 001,06 001,04 001,43 001,45 +.228108024 +.0000000 +.0206340 +.0000000 +8.139470 +.1928853 +5.823392 +.0494329 +4.567699 +.0760879 +3.606180 +.0915963 +3.220894 +.0523407 +90.4572300 +1571.000 20181017_142535 CH 03 GN 3   123
000060 001,06 001,04 001,45 001,47 +.085634282 +.0000374 +.0077462 +.0000033 +14.72714 +.1988061 +10.82460 +.0813297 +8.631284 +.1071487 +6.760699 +.1600776 +6.063586 +.0348556 +90.4572300 +1571.000 20181017_142535 CH 04 GN 3   123
000061 001,06 001,04 001,47 001,49 +.039449251 +.0000000 +.0035684 +.0000000 +21.73480 +.6081037 +15.81069 +.0000000 +12.64407 +.2942437 +9.715648 +.2774298 +9.079521 +.1261044 +90.4572300 +1571.000 20181017_142535 CH 05 GN 3   123
000062 001,06 001,04 001,49 001,51 +.020088167 +.0000092 +.0018171 +.0000008 +24.35722 +2.047195 +18.52932 +.1375803 +14.75961 +.7869595 +10.85784 +.3742185 +10.81381 +.2696574 +90.4572300 +1571.000 20181017_142535 CH 06 GN 4   123
000063 001,06 001,04 001,51 001,53 +.009303512 +.0000000 +.0008415 +.0000000 +14.12835 +2.269567 +13.27281 +1.330845 +11.32407 +.7842484 +6.582934 +1.307080 +9.149565 +.1069429 +90.4572300 +1571.000 20181017_142535 CH 07 GN 3   123
000064 001,06 001,04 001,53 001,55 +.004695368 +.0000150 +.0004247 +.0000013 +61.47434 +2.448614 +40.54340 +1.083040 +30.44286 +1.812916 +20.60132 +.6356979 +20.38942 +2.166081 +90.4572300 +1571.000 20181017_142535 CH 08 GN 3   123
000065 001,07 001,05 001,40 001,42 +5.02941503 +.0190970 +.7538949 +.0028626 +1.559898 +.0118451 +.7685287 +.0058894 +.4401276 +.0044568 +.2718946 +.0045099 +.1659249 +.0010744 +149.897150 +965.0000 20181017_142539 CH 01 GN 2   130
000066 001,07 001,05 001,42 001,44 +.836349323 +.0031553 +.1253663 +.0004729 +3.950421 +.0101303 +2.784239 +.0033501 +2.162381 +.0007976 +1.799525 +.0007976 +1.495775 +.0115661 +149.897150 +965.0000 20181017_142539 CH 02 GN 3   130
000067 001,07 001,05 001,44 001,46 +.238182113 +.0008818 +.0357028 +.0001321 +7.665220 +.0366917 +5.464834 +.0000000 +4.242522 +.0378121 +3.582069 +.0187660 +3.005644 +.0159651 +149.897150 +965.0000 20181017_142539 CH 03 GN 3   130
000068 001,07 001,05 001,46 001,48 +.091334825 +.0003262 +.0136908 +.0000489 +14.00061 +.0861890 +10.04175 +.0971453 +7.794268 +.0525899 +6.667966 +.0000000 +5.496379 +.0277558 +149.897150 +965.0000 20181017_142539 CH 04 GN 3   130
000069 001,07 001,05 001,48 001,50 +.038838363 +.0001394 +.0058217 +.0000209 +21.42479 +.3023140 +15.56573 +.0137415 +12.03931 +.1339801 +10.35253 +.1150854 +8.493994 +.1168031 +149.897150 +965.0000 20181017_142539 CH 05 GN 3   130
000070 001,07 001,05 001,50 001,52 +.018447915 +.0000553 +.0027652 +.0000083 +26.61926 +.5135085 +19.66159 +.1338015 +14.60606 +.0253138 +13.17402 +.3941720 +10.61733 +.0759414 +149.897150 +965.0000 20181017_142539 CH 06 GN 3   130
000071 001,07 001,05 001,52 001,54 +.008525845 +.0000264 +.0012780 +.0000039 +24.52269 +.6885759 +18.78716 +.0391236 +13.92018 +.8137715 +12.92644 +.3286385 +9.796557 +.1877934 +149.897150 +965.0000 20181017_142539 CH 07 GN 4   130
000072 001,07 001,05 001,54 001,56 +.004664331 +.0000019 +.0006991 +.0000002 +30.69353 +2.116795 +21.99751 +1.058397 +16.19062 +1.430267 +14.88908 +.1430267 +10.42664 +.7723443 +149.897150 +965.0000 20181017_142539 CH 08 GN 3   130
000073 001,07 001,05 001,41 001,43 +1.65770754 +.0064875 +.2417086 +.0009459 +2.598128 +.0027719 +1.705565 +.0062471 +1.261312 +.0067022 +1.004887 +.0004137 +.8177614 +.0023168 +145.808970 +893.0000 20181017_142542 CH 01 GN 2   126
000074 001,07 001,05 001,43 001,45 +.416649126 +.0016324 +.0607511 +.0002380 +5.164673 +.0266661 +3.578202 +.0223864 +2.745790 +.0210695 +2.252960 +.0134976 +1.855272 +.0213987 +145.808970 +893.0000 20181017_142542 CH 02 GN 2   126
000075 001,07 001,05 001,45 001,47 +.140275526 +.0005423 +.0204534 +.0000790 +10.68036 +.0826267 +7.663262 +.0528028 +6.064508 +.0889826 +5.132635 +.0567142 +4.252587 +.0014667 +145.808970 +893.0000 20181017_142542 CH 03 GN 3   126
000076 001,07 001,05 001,47 001,49 +.058701601 +.0002193 +.0085592 +.0000319 +18.22595 +.1261797 +12.98716 +.1682396 +10.22639 +.1577246 +8.600082 +.0560798 +6.990122 +.0537432 +145.808970 +893.0000 20181017_142542 CH 04 GN 3   126
000077 001,07 001,05 001,49 001,51 +.027874896 +.0001109 +.0040644 +.0000161 +24.71945 +.5265216 +17.73197 +.4158045 +14.12505 +.3075477 +12.05587 +.0787322 +9.625013 +.1648455 +145.808970 +893.0000 20181017_142542 CH 05 GN 4   126
000078 001,07 001,05 001,51 001,53 +.011779933 +.0000428 +.0017176 +.0000062 +25.10450 +.7102851 +18.46159 +.7102851 +14.40365 +.7277511 +12.68615 +.1630162 +9.286105 +.1280842 +145.808970 +893.0000 20181017_142543 CH 06 GN 3   126
000079 001,07 001,05 001,53 001,55 +.006175134 +.0000232 +.0009003 +.0000033 +28.14336 +.0888503 +20.02465 +1.221692 +16.79272 +.4775708 +15.83758 +.3998267 +11.30621 +1.121736 +145.808970 +893.0000 20181017_142543 CH 07 GN 3   126
000080 001,07 001,05 001,55 001,57 +.003853741 +.0000143 +.0005619 +.0000020 +28.15397 +2.010998 +19.13117 +1.245751 +14.39732 +.5872826 +13.52529 +2.028794 +6.958409 +.1601680 +145.808970 +893.0000 20181017_142543 CH 08 GN 3   126
000081 001,08 001,06 001,42 001,44 +1.74819005 +.0039674 +.2868689 +.0006510 +2.803719 +.0070764 +1.928650 +.0101788 +1.471333 +.0177781 +1.207868 +.0161746 +1.014400 +.0063095 +164.094830 +852.0000 20181017_142546 CH 01 GN 2   134
000082 001,08 001,06 001,44 001,46 +.419460564 +.0009203 +.0688313 +.0001510 +5.079810 +.0085716 +3.528626 +.0042132 +2.700660 +.0566602 +2.257984 +.0534640 +1.947514 +.0470716 +164.094830 +852.0000 20181017_142546 CH 02 GN 3   134
000083 001,08 001,06 001,46 001,48 +.145879306 +.0003201 +.0239380 +.0000525 +10.74732 +.0259002 +7.581656 +.0434455 +5.794125 +.1579076 +4.932316 +.1432865 +4.248050 +.1537302 +164.094830 +852.0000 20181017_142546 CH 03 GN 3   134
000084 001,08 001,06 001,48 001,50 +.057206007 +.0001256 +.0093872 +.0000206 +19.10578 +.1757710 +13.69203 +.0074569 +10.32575 +.3643255 +8.809859 +.2364919 +7.714752 +.3014740 +164.094830 +852.0000 20181017_142546 CH 04 GN 3   134
000085 001,08 001,06 001,50 001,52 +.025513722 +.0000584 +.0041866 +.0000095 +25.95380 +.2531845 +18.62100 +.0382165 +13.92992 +.8168783 +12.23884 +.4968148 +10.62419 +.5398084 +164.094830 +852.0000 20181017_142546 CH 05 GN 3   134
000086 001,08 001,06 001,52 001,54 +.011218635 +.0000263 +.0018409 +.0000043 +26.38897 +.8256741 +19.32729 +.4780218 +13.62362 +.9777719 +12.50461 +1.836038 +11.37474 +.4291332 +164.094830 +852.0000 20181017_142546 CH 06 GN 4   134
000087 001,08 001,06 001,54 001,56 +.005938456 +.0000156 +.0009744 +.0000025 +28.17942 +1.364844 +20.76000 +1.077508 +13.99735 +1.806109 +13.15586 +1.128818 +12.11940 +2.493663 +164.094830 +852.0000 20181017_142546 CH 07 GN 3   134
000088 001,08 001,06 001,56 001,58 +.003905059 +.0000103 +.0006408 +.0000016 +26.12359 +1.482521 +17.68102 +.1716604 +10.03433 +3.121098 +11.39200 +3.448813 +10.98626 +4.900124 +164.094830 +852.0000 20181017_142546 CH 08 GN 3   134
000089 001,08 001,06 001,41 001,43 +4.50320369 +.0103870 +.7526726 +.0017361 +2.192068 +.0007838 +1.302146 +.0023117 +.8907457 +.0060451 +.6510931 +.0003852 +.5022369 +.0076261 +167.141600 +852.0000 20181017_142550 CH 01 GN 2   136
000090 001,08 001,06 001,43 001,45 +.778821131 +.0017778 +.1301734 +.0002971 +3.218322 +.0298832 +2.110031 +.0026887 +1.557845 +.0508552 +1.226671 +.0177455 +1.057205 +.0497797 +167.141600 +852.0000 20181017_142550 CH 02 GN 2   136
000091 001,08 001,06 001,45 001,47 +.234470532 +.0005195 +.0391897 +.0000868 +7.588202 +.0125032 +5.314140 +.0017861 +4.106427 +.1467219 +3.369756 +.0551164 +2.999761 +.0798677 +167.141600 +852.0000 20181017_142550 CH 03 GN 3   136
000092 001,08 001,06 001,47 001,49 +.089942120 +.0002028 +.0150330 +.0000339 +15.13862 +.0093128 +10.52013 +.0904672 +8.038943 +.3691860 +6.546234 +.2028860 +5.839126 +.1935732 +167.141600 +852.0000 20181017_142550 CH 04 GN 3   136
000093 001,08 001,06 001,49 001,51 +.039718657 +.0000895 +.0066386 +.0000149 +23.13576 +.0964052 +16.21567 +.1265319 +12.37150 +.8781919 +10.00656 +.5467987 +9.325705 +.5528240 +167.141600 +852.0000 20181017_142550 CH 05 GN 4   136
000094 001,08 001,06 001,51 001,53 +.015805879 +.0000392 +.0026418 +.0000065 +26.75806 +.4731586 +18.51753 +.0075705 +13.82758 +2.093253 +10.86372 +1.343770 +10.64417 +1.635236 +167.141600 +852.0000 20181017_142550 CH 06 GN 3   136
000095 001,08 001,06 001,53 001,55 +.008024992 +.0000147 +.0013413 +.0000024 +28.59890 +.0149108 +19.46604 +.1341971 +14.22489 +3.511492 +11.20546 +2.087511 +11.86899 +2.147154 +167.141600 +852.0000 20181017_142550 CH 07 GN 3   136
000096 001,08 001,06 001,55 001,57 +.004828540 +.0000130 +.0008070 +.0000021 +26.35524 +.0495632 +16.40542 +1.994919 +10.37110 +4.931540 +7.223839 +3.903103 +10.56935 +3.506598 +167.141600 +852.0000 20181017_142550 CH 08 GN 3   136
000097 001,09 001,07 001,42 001,44 +6.17098854 +.0176427 +.8315036 +.0023772 +2.345630 +.0393022 +1.584995 +.0298976 +1.209579 +.0260491 +.9781195 +.0220444 +.8112652 +.0193384 +134.744000 +1389.000 20181017_142553 CH 01 GN 2   132
000098 001,09 001,07 001,44 001,46 +.878098394 +.0025781 +.1183184 +.0003473 +2.882727 +.0101421 +1.954386 +.0102266 +1.482693 +.0011832 +1.226858 +.0060007 +1.022494 +.0061697 +134.744000 +1389.000 20181017_142553 CH 02 GN 3   132
000099 001,09 001,07 001,46 001,48 +.264730822 +.0007665 +.0356708 +.0001032 +6.988051 +.0092512 +4.850453 +.0098119 +3.700216 +.0585911 +3.086270 +.0255110 +2.625109 +.0154187 +134.744000 +1389.000 20181017_142553 CH 03 GN 3   132
000100 001,09 001,07 001,48 001,50 +.093079691 +.0002756 +.0125419 +.0000371 +15.26160 +.0111625 +10.77106 +.0972737 +8.257899 +.1307613 +7.000517 +.0167438 +5.840408 +.0287037 +134.744000 +1389.000 20181017_142553 CH 04 GN 3   132
000101 001,09 001,07 001,50 001,52 +.038194650 +.0001067 +.0051465 +.0000143 +22.97872 +.0718935 +16.63460 +.0233168 +12.69795 +.0291460 +10.87340 +.1651607 +9.274264 +.1826484 +134.744000 +1389.000 20181017_142554 CH 05 GN 3   132
000102 001,09 001,07 001,52 001,54 +.015668823 +.0000461 +.0021112 +.0000062 +26.38209 +.0094729 +18.89848 +.1468303 +14.20465 +.6536319 +12.70319 +.0236823 +10.06024 +.0378917 +134.744000 +1389.000 20181017_142554 CH 06 GN 4   132
000103 001,09 001,07 001,54 001,56 +.007987888 +.0000259 +.0010763 +.0000034 +25.05760 +.7711461 +18.80481 +.1579455 +13.33246 +.3623457 +11.64151 +.5017095 +10.13639 +.5388732 +134.744000 +1389.000 20181017_142554 CH 07 GN 3   132
000104 001,09 001,07 001,56 001,58 +.005071320 +.0000194 +.0006833 +.0000026 +21.29278 +.1317079 +15.04397 +.8341504 +10.15614 +.0731710 +10.34639 +1.873179 +7.946380 +.2195132 +134.744000 +1389.000 20181017_142554 CH 08 GN 3   132
000105 001,09 001,07 001,43 001,45 +1.83044503 +.0056569 +.2302302 +.0007115 +1.765928 +.0163749 +1.071840 +.0033879 +.7666674 +.0046040 +.5979232 +.0140294 +.4794766 +.0045172 +125.778270 +1020.000 20181017_142557 CH 01 GN 2   123
000106 001,09 001,07 001,45 001,47 +.453465849 +.0013977 +.0570361 +.0001758 +4.498725 +.0627672 +3.095580 +.0212146 +2.413907 +.0094676 +2.013810 +.0534748 +1.690156 +.0156041 +125.778270 +1020.000 20181017_142557 CH 02 GN 3   123
000107 001,09 001,07 001,47 001,49 +.154242302 +.0004574 +.0194003 +.0000575 +10.94208 +.1716465 +7.501934 +.0309273 +5.791138 +.0762873 +4.811773 +.1582447 +4.039622 +.0448446 +125.778270 +1020.000 20181017_142557 CH 03 GN 3   123
000108 001,09 001,07 001,49 001,51 +.061856948 +.0001788 +.0077802 +.0000224 +19.53276 +.3110435 +13.50083 +.0796888 +10.55491 +.1876544 +9.007411 +.4897008 +7.635991 +.3650263 +125.778270 +1020.000 20181017_142557 CH 04 GN 4   123
000109 001,09 001,07 001,51 001,53 +.022704875 +.0000609 +.0028557 +.0000076 +26.18549 +.6968323 +17.89353 +.0000000 +14.01368 +.0490233 +12.12628 +.6723207 +10.07430 +.4131971 +125.778270 +1020.000 20181017_142557 CH 05 GN 3   123
000110 001,09 001,07 001,53 001,55 +.011018437 +.0000237 +.0013858 +.0000029 +27.71524 +1.803907 +18.96989 +.5411724 +15.12396 +.3896441 +13.52930 +1.630732 +11.40069 +1.154501 +125.778270 +1020.000 20181017_142557 CH 06 GN 3   123
000111 001,09 001,07 001,55 001,57 +.006320567 +.0000103 +.0007949 +.0000013 +22.39021 +2.880539 +14.17627 +.0628938 +10.80516 +.4150995 +9.698235 +.9811444 +7.685631 +1.899394 +125.778270 +1020.000 20181017_142557 CH 07 GN 3   123
000112 001,09 001,07 001,57 001,59 +.004425168 +.0000016 +.0005565 +.0000002 +24.97349 +4.132305 +13.76237 +1.563089 +11.17519 +1.581056 +10.95959 +3.737041 +8.049012 +.5928960 +125.778270 +1020.000 20181017_142557 CH 08 GN 3   123
000113 001,10 001,08 001,44 001,46 +1.91426013 +.0069888 +.2432688 +.0008881 +2.176316 +.0083857 +1.503891 +.0076458 +1.185519 +.0016031 +.9781360 +.0034118 +.8437579 +.0019731 +127.082420 +1107.000 20181017_142601 CH 01 GN 2   127
000114 001,10 001,08 001,46 001,48 +.476835741 +.0017472 +.0605974 +.0002220 +4.548046 +.0226082 +3.095180 +.0034654 +2.438221 +.0212880 +1.979291 +.0067659 +1.680103 +.0207929 +127.082420 +1107.000 20181017_142601 CH 02 GN 3   127
000115 001,10 001,08 001,48 001,50 +.148560752 +.0005545 +.0188794 +.0000704 +11.74980 +.0291321 +8.131058 +.0095341 +6.516605 +.0243651 +5.321126 +.0180089 +4.593351 +.0259541 +127.082420 +1107.000 20181017_142601 CH 03 GN 3   127
000116 001,10 001,08 001,50 001,52 +.055591166 +.0002100 +.0070646 +.0000266 +20.31520 +.1925075 +14.36162 +.0552043 +11.62688 +.1189016 +9.488071 +.1698595 +8.338688 +.1387186 +127.082420 +1107.000 20181017_142601 CH 04 GN 3   127
000117 001,10 001,08 001,52 001,54 +.021145411 +.0000879 +.0026872 +.0000111 +25.89674 +.4540024 +18.20103 +.2046732 +14.78857 +.1488532 +12.16131 +.1004759 +10.72487 +.3535265 +127.082420 +1107.000 20181017_142601 CH 05 GN 4   127
000118 001,10 001,08 001,54 001,56 +.010370749 +.0000439 +.0013179 +.0000055 +25.27429 +1.069851 +17.47424 +.6525335 +14.87169 +.0151752 +11.39657 +.2200403 +10.88061 +.8498110 +127.082420 +1107.000 20181017_142601 CH 06 GN 3   127
000119 001,10 001,08 001,56 001,58 +.006288045 +.0000331 +.0007991 +.0000042 +21.61181 +2.365160 +13.35252 +.7508447 +12.26379 +.6131898 +9.523213 +.9260418 +9.560755 +.5756476 +127.082420 +1107.000 20181017_142601 CH 07 GN 3   127
000120 001,10 001,08 001,58 001,60 +.004839300 +.0000295 +.0006149 +.0000037 +22.01661 +1.495959 +14.35795 +.3902502 +13.26850 +.8618026 +9.463568 +2.390282 +9.138359 +2.357761 +127.082420 +1107.000 20181017_142601 CH 08 GN 3   127
000121 001,10 001,08 001,43 001,45 +5.46983216 +.0209712 +.7114837 +.0027278 +1.546809 +.0036121 +1.055695 +.0115673 +.8321623 +.0053690 +.6977390 +.0091077 +.5982849 +.0090093 +130.074150 +1020.000 20181017_142604 CH 01 GN 2   130
000122 001,10 001,08 001,45 001,47 +.881106046 +.0033627 +.1146091 +.0004374 +2.928475 +.0012215 +2.065106 +.0121281 +1.647512 +.0095105 +1.384532 +.0150947 +1.176607 +.0025303 +130.074150 +1020.000 20181017_142604 CH 02 GN 2   130
000123 001,10 001,08 001,47 001,49 +.260746812 +.0009781 +.0339164 +.0001272 +7.564477 +.0283048 +5.200430 +.1064381 +4.031675 +.0014742 +3.355012 +.0999515 +2.788030 +.0660447 +130.074150 +1020.000 20181017_142604 CH 03 GN 3   130
000124 001,10 001,08 001,49 001,51 +.094142840 +.0003378 +.0122455 +.0000439 +15.71754 +.0318483 +11.21876 +.2694856 +8.862811 +.0498140 +7.459036 +.3021505 +6.254516 +.1339262 +130.074150 +1020.000 20181017_142605 CH 04 GN 4   130
000125 001,10 001,08 001,51 001,53 +.031618965 +.0001058 +.0041128 +.0000137 +23.98603 +.1823570 +16.93975 +.6953883 +13.44336 +.0437657 +11.44229 +.3817341 +9.402330 +.2917713 +130.074150 +1020.000 20181017_142605 CH 05 GN 3   130
000126 001,10 001,08 001,53 001,55 +.014575609 +.0000416 +.0018959 +.0000054 +25.54973 +.7120591 +18.16541 +1.223686 +15.35937 +.6118433 +13.01749 +1.049627 +10.11651 +.2742746 +130.074150 +1020.000 20181017_142605 CH 06 GN 3   130
000127 001,10 001,08 001,55 001,57 +.008030496 +.0000220 +.0010445 +.0000028 +21.28168 +.8041663 +14.64731 +3.599601 +11.50723 +.2010415 +10.73179 +2.307191 +7.285364 +1.359424 +130.074150 +1020.000 20181017_142605 CH 07 GN 3   130
000128 001,10 001,08 001,57 001,59 +.005478798 +.0000086 +.0007126 +.0000011 +21.44110 +.6735424 +13.90584 +5.037535 +11.26780 +.1824177 +11.43618 +3.844804 +8.180733 +2.203044 +130.074150 +1020.000 20181017_142605 CH 08 GN 3   130
000129 001,11 001,09 001,44 001,46 +5.60638812 +.0151525 +.6008684 +.0016239 +1.815389 +.0033784 +1.257063 +.0008487 +.9888021 +.0013979 +.8147207 +.0098856 +.7089738 +.0040108 +107.175680 +1225.000 20181017_142608 CH 01 GN 2   121
000130 001,11 001,09 001,46 001,48 +.907415469 +.0024539 +.0972528 +.0002630 +2.892048 +.0160406 +1.926010 +.0012339 +1.477488 +.0153208 +1.148963 +.0770157 +1.019198 +.0195367 +107.175680 +1225.000 20181017_142608 CH 02 GN 3   121
000131 001,11 001,09 001,48 001,50 +.240994225 +.0006327 +.0258287 +.0000678 +8.337617 +.0224556 +5.785420 +.0143251 +4.524808 +.0344577 +3.523984 +.2946332 +3.205733 +.0344577 +107.175680 +1225.000 20181017_142608 CH 03 GN 3   121
000132 001,11 001,09 001,50 001,52 +.080042505 +.0002000 +.0085786 +.0000214 +16.96661 +.1014150 +11.96813 +.0699414 +9.467734 +.0629472 +7.285562 +.8276399 +6.784315 +.1701907 +107.175680 +1225.000 20181017_142608 CH 04 GN 3   121
000133 001,11 001,09 001,52 001,54 +.027711790 +.0000601 +.0029700 +.0000064 +23.80447 +.4107702 +16.89881 +.2121190 +13.40053 +.5892196 +9.801247 +1.656548 +10.03693 +.2087521 +107.175680 +1225.000 20181017_142608 CH 05 GN 4   121
000134 001,11 001,09 001,54 001,56 +.012932318 +.0000167 +.0013860 +.0000017 +26.16104 +.9235009 +17.68359 +.6276920 +13.68657 +1.139946 +8.867051 +2.979733 +10.69962 +.4401059 +107.175680 +1225.000 20181017_142608 CH 06 GN 3   121
000135 001,11 001,09 001,56 001,58 +.007519803 +.0000096 +.0008059 +.0000010 +22.30935 +2.295456 +13.78514 +.8809588 +10.37298 +1.948035 +3.573467 +6.563764 +8.697917 +1.724694 +107.175680 +1225.000 20181017_142608 CH 07 GN 3   121
000136 001,11 001,09 001,58 001,60 +.005589700 +.0000039 +.0005990 +.0000004 +25.62262 +1.702610 +16.62549 +.2336916 +11.65119 +3.688989 +.5675368 +10.11551 +11.16712 +2.720838 +107.175680 +1225.000 20181017_142609 CH 08 GN 3   121
000137 001,11 001,09 001,45 001,47 +1.89157083 +.0061097 +.2189992 +.0007073 +2.063111 +.0115982 +1.464434 +.0051141 +1.171693 +.0043835 +.9856196 +.0054794 +.8484046 +.0010958 +115.776410 +1389.000 20181017_142612 CH 01 GN 2   130
000138 001,11 001,09 001,47 001,49 +.455543923 +.0014724 +.0527412 +.0001704 +4.940536 +.0125139 +3.348802 +.0013272 +2.575214 +.0174436 +2.084706 +.0331808 +1.732610 +.0191501 +115.776410 +1389.000 20181017_142612 CH 02 GN 3   130
000139 001,11 001,09 001,49 001,51 +.143552300 +.0004537 +.0166199 +.0000525 +12.13479 +.0607702 +8.569810 +.0661854 +6.820710 +.0848377 +5.709998 +.0619736 +4.877265 +.0379062 +115.776410 +1389.000 20181017_142612 CH 03 GN 4   130
000140 001,11 001,09 001,51 001,53 +.043163542 +.0001464 +.0049973 +.0000169 +20.80515 +.1140611 +15.08408 +.0660353 +12.09048 +.1280686 +10.02737 +.2061104 +8.560588 +.0300160 +115.776410 +1389.000 20181017_142612 CH 04 GN 3   130
000141 001,11 001,09 001,53 001,55 +.018563885 +.0000589 +.0021492 +.0000068 +25.00860 +.2279854 +18.29466 +.0604859 +15.00981 +.5583317 +12.48336 +.3582628 +10.96656 +.0232638 +115.776410 +1389.000 20181017_142612 CH 05 GN 3   130
000142 001,11 001,09 001,55 001,57 +.009851747 +.0000374 +.0011406 +.0000043 +20.21742 +.0613712 +13.60687 +.1402770 +11.23093 +1.472909 +9.459933 +.9468700 +8.460459 +.7276871 +115.776410 +1389.000 20181017_142612 CH 06 GN 3   130
000143 001,11 001,09 001,57 001,59 +.006362436 +.0000221 +.0007366 +.0000025 +22.88832 +.2579348 +15.34033 +.1357552 +11.83785 +2.457169 +10.54817 +1.941299 +9.543591 +.0407265 +115.776410 +1389.000 20181017_142612 CH 07 GN 3   130
000144 001,11 001,09 001,59 001,61 +.004484074 +.0000203 +.0005191 +.0000023 +20.34094 +1.906963 +14.09997 +.0963112 +10.96022 +1.040161 +11.22989 +1.252046 +9.168833 +1.406144 +115.776410 +1389.000 20181017_142612 CH 08 GN 3   130
000145 001,12 001,10 001,46 001,48 +1.97246557 +.0009385 +.2280199 +.0001085 +1.717218 +.0140777 +1.072888 +.0006139 +.7912467 +.0013156 +.6302081 +.0018858 +.5101309 +.0036400 +115.601460 +1447.000 20181017_142615 CH 01 GN 2   131
000146 001,12 001,10 001,48 001,50 +.423092753 +.0000000 +.0489101 +.0000000 +5.414214 +.0316907 +3.687169 +.0083827 +2.853804 +.0051114 +2.355339 +.0020445 +1.970552 +.0159476 +115.601460 +1447.000 20181017_142615 CH 02 GN 3   131
000147 001,12 001,10 001,50 001,52 +.121310665 +.0000586 +.0140236 +.0000067 +13.31603 +.0998310 +9.374137 +.0449239 +7.463798 +.0292362 +6.192378 +.0456370 +5.263236 +.0021392 +115.601460 +1447.000 20181017_142616 CH 03 GN 3   131
000148 001,12 001,10 001,52 001,54 +.037414233 +.0000000 +.0043251 +.0000000 +21.15769 +.0901704 +15.26424 +.0092482 +12.27012 +.0023120 +10.49677 +.0762981 +8.811275 +.0023120 +115.601460 +1447.000 20181017_142616 CH 04 GN 4   131
000149 001,12 001,10 001,54 001,56 +.016507058 +.0000000 +.0019082 +.0000000 +24.03261 +.2463002 +17.24625 +.5083218 +13.71420 +.6131304 +11.80145 +.1257703 +9.741961 +.0157212 +115.601460 +1447.000 20181017_142616 CH 05 GN 3   131
000150 001,12 001,10 001,56 001,58 +.009144953 +.0000109 +.0010571 +.0000012 +19.76030 +.6999820 +13.41316 +1.220238 +10.94431 +.0851329 +10.49973 +.3121541 +8.418702 +1.021595 +115.601460 +1447.000 20181017_142616 CH 06 GN 3   131
000151 001,12 001,10 001,58 001,60 +.006575176 +.0000000 +.0007601 +.0000000 +17.14248 +.0920931 +11.45901 +1.355084 +10.16971 +1.657676 +10.36705 +.0263123 +6.643862 +.0657808 +115.601460 +1447.000 20181017_142616 CH 07 GN 3   131
000152 001,12 001,10 001,60 001,62 +.004225292 +.0000025 +.0004884 +.0000002 +26.96284 +1.637833 +15.86651 +.9212816 +11.69003 +1.760671 +14.18773 +.3275667 +9.151397 +1.187429 +115.601460 +1447.000 20181017_142616 CH 08 GN 3   131
000153 001,12 001,10 001,45 001,47 +5.47917760 +.0000000 +.6172587 +.0000000 +1.256895 +.0074847 +.8721625 +.0081975 +.6967742 +.0057674 +.5893152 +.0062372 +.5102236 +.0092181 +112.655370 +1389.000 20181017_142619 CH 01 GN 2   127
000154 001,12 001,10 001,47 001,49 +.878151924 +.0003405 +.0989285 +.0000383 +2.987105 +.0176895 +1.918455 +.0145559 +1.403841 +.0166787 +1.108578 +.0208231 +.8934733 +.0242599 +112.655370 +1389.000 20181017_142619 CH 02 GN 3   127
000155 001,12 001,10 001,49 001,51 +.233387454 +.0000851 +.0262923 +.0000095 +8.645480 +.1152426 +6.142851 +.0669396 +4.782379 +.0342304 +3.977582 +.0699823 +3.363335 +.1064948 +112.655370 +1389.000 20181017_142619 CH 03 GN 3   127
000156 001,12 001,10 001,51 001,53 +.061157493 +.0000000 +.0068897 +.0000000 +18.12990 +.3991453 +13.06439 +.3643108 +10.12668 +.0029028 +8.540259 +.3135105 +7.245577 +.3178648 +112.655370 +1389.000 20181017_142619 CH 04 GN 3   127
000157 001,12 001,10 001,53 001,55 +.024344955 +.0000105 +.0027425 +.0000011 +23.51426 +.3500340 +16.87091 +.3974345 +13.38515 +.2114789 +11.24119 +.6745448 +9.381642 +.8131000 +112.655370 +1389.000 20181017_142619 CH 05 GN 3   127
000158 001,12 001,10 001,55 001,57 +.012275668 +.0000052 +.0013829 +.0000005 +18.98157 +.8026494 +13.38472 +1.055737 +10.30428 +1.525757 +9.291933 +.8098805 +7.419084 +1.532988 +112.655370 +1389.000 20181017_142619 CH 06 GN 3   127
000159 001,12 001,10 001,57 001,59 +.007598927 +.0000052 +.0008560 +.0000005 +21.84426 +.1401770 +15.15080 +1.647080 +11.36602 +.6658411 +9.508679 +1.763895 +7.020535 +3.329205 +112.655370 +1389.000 20181017_142619 CH 07 GN 3   127
000160 001,12 001,10 001,59 001,61 +.005217505 +.0000083 +.0005877 +.0000009 +21.47061 +1.633264 +14.64833 +2.603014 +10.39504 +.4593555 +9.697505 +2.943278 +6.379938 +3.487699 +112.655370 +1389.000 20181017_142620 CH 08 GN 3   127
000161 001,13 001,11 001,46 001,48 +5.81839516 +.0233659 +.6161375 +.0024743 +.8983708 +.0062323 +.4674118 +.0023858 +.2991052 +.0028240 +.2112839 +.0052423 +.1605810 +.0053559 +105.894760 +1508.000 20181017_142623 CH 01 GN 2   127
000162 001,13 001,11 001,48 001,50 +.841270616 +.0033790 +.0890861 +.0003578 +3.109013 +.0259299 +2.045548 +.0098780 +1.525489 +.0106638 +1.211074 +.0083065 +.9961144 +.0425430 +105.894760 +1508.000 20181017_142623 CH 02 GN 2   127
000163 001,13 001,11 001,50 001,52 +.200149563 +.0007895 +.0211947 +.0000836 +9.340031 +.1420160 +6.510090 +.0320833 +5.079078 +.1122917 +4.198673 +.1693812 +3.615511 +.0891728 +105.894760 +1508.000 20181017_142623 CH 03 GN 3   127
000164 001,13 001,11 001,52 001,54 +.052746236 +.0002050 +.0055855 +.0000217 +18.64811 +.4135671 +13.32187 +.1826140 +10.52179 +.1521783 +8.722507 +.4547448 +7.522983 +.3401634 +105.894760 +1508.000 20181017_142623 CH 04 GN 4   127
000165 001,13 001,11 001,54 001,56 +.021736014 +.0000719 +.0023017 +.0000076 +21.19709 +1.259921 +15.11906 +.5647925 +11.47832 +.1303367 +9.549338 +.6690619 +8.146046 +.1520595 +105.894760 +1508.000 20181017_142623 CH 05 GN 3   127
000166 001,13 001,11 001,56 001,58 +.011391498 +.0000314 +.0012063 +.0000033 +18.40338 +2.428914 +12.50932 +1.102544 +9.649340 +1.400978 +8.007958 +2.130481 +7.684655 +2.470363 +105.894760 +1508.000 20181017_142623 CH 06 GN 3   127
000167 001,13 001,11 001,58 001,60 +.007894913 +.0000229 +.0008360 +.0000024 +15.87263 +3.109936 +10.45417 +1.913806 +7.296388 +1.602813 +6.076336 +3.648194 +6.028491 +2.464026 +105.894760 +1508.000 20181017_142623 CH 07 GN 3   127
000168 001,13 001,11 001,60 001,62 +.004991559 +.0000152 +.0005285 +.0000016 +21.16992 +5.940444 +12.59979 +2.421582 +8.645805 +2.232396 +8.040410 +5.391804 +5.845851 +3.745885 +105.894760 +1508.000 20181017_142623 CH 08 GN 3   127
000169 001,13 001,11 001,47 001,49 +1.99049205 +.0083621 +.2295693 +.0009644 +1.582876 +.0061419 +.8982035 +.0118047 +.5937639 +.0018730 +.4305017 +.0047480 +.3185965 +.0005227 +115.332960 +1447.000 20181017_142626 CH 01 GN 2   138
000170 001,13 001,11 001,49 001,51 +.421395150 +.0017521 +.0486007 +.0002020 +5.372550 +.0390940 +3.731629 +.0290119 +2.863536 +.0104936 +2.380415 +.0222218 +2.039268 +.0115224 +115.332960 +1447.000 20181017_142626 CH 02 GN 3   138
000171 001,13 001,11 001,51 001,53 +.092105066 +.0003787 +.0106227 +.0000436 +14.77960 +.1007272 +10.51799 +.1016685 +8.173024 +.0320067 +6.858864 +.0131792 +5.883598 +.0602480 +115.332960 +1447.000 20181017_142627 CH 03 GN 3   138
000172 001,13 001,11 001,53 001,55 +.033051783 +.0001212 +.0038119 +.0000139 +20.86590 +.3987450 +14.92932 +.3436552 +11.54261 +.0262332 +9.803355 +.1285428 +8.462838 +.4118616 +115.332960 +1447.000 20181017_142627 CH 04 GN 3   138
000173 001,13 001,11 001,55 001,57 +.015658229 +.0000535 +.0018059 +.0000061 +18.32317 +.3543919 +13.25093 +.9247415 +9.828839 +.3045556 +8.621692 +.2159576 +7.724637 +.4983637 +115.332960 +1447.000 20181017_142627 CH 05 GN 3   138
000174 001,13 001,11 001,57 001,59 +.009255030 +.0000150 +.0010674 +.0000017 +19.27094 +1.021163 +13.94028 +2.726225 +9.237312 +.4871605 +8.806363 +.6932668 +7.391723 +1.948642 +115.332960 +1447.000 20181017_142627 CH 06 GN 3   138
000175 001,13 001,11 001,59 001,61 +.006173603 +.0000068 +.0007120 +.0000007 +13.42658 +1.587034 +10.56150 +3.525181 +5.603775 +.9409848 +6.839695 +1.601078 +6.867784 +2.036459 +115.332960 +1447.000 20181017_142627 CH 07 GN 3   138
000176 001,13 001,11 001,61 001,63 +.004070475 +.0000018 +.0004694 +.0000002 +26.62633 +3.834192 +15.72018 +4.984450 +10.48012 +1.512375 +10.11800 +3.983299 +9.798491 +2.747837 +115.332960 +1447.000 20181017_142627 CH 08 GN 4   138
000177 001,14 001,12 001,48 001,50 +2.02752170 +.0063699 +.2652846 +.0008334 +2.249772 +.0017716 +1.434421 +.0108185 +1.039939 +.0069736 +.8308434 +.0155681 +.6555976 +.0059558 +130.841830 +1389.000 20181017_142630 CH 01 GN 2   134
000178 001,14 001,12 001,50 001,52 +.376154017 +.0011635 +.0492166 +.0001522 +6.302334 +.0058923 +4.372907 +.0237724 +3.345816 +.0260074 +2.831153 +.0223501 +2.307957 +.0178801 +130.841830 +1389.000 20181017_142630 CH 02 GN 3   134
000179 001,14 001,12 001,52 001,54 +.080265538 +.0002374 +.0105020 +.0000310 +15.75210 +.1018844 +11.41487 +.0733187 +8.902037 +.1742510 +7.662284 +.1133107 +6.262562 +.0990279 +130.841830 +1389.000 20181017_142630 CH 03 GN 3   134
000180 001,14 001,12 001,54 001,56 +.030298490 +.0000798 +.0039643 +.0000104 +19.44348 +.0479276 +14.14369 +.1816205 +10.79380 +.0933327 +9.630931 +.1185578 +7.557431 +.1009002 +130.841830 +1389.000 20181017_142630 CH 04 GN 3   134
000181 001,14 001,12 001,56 001,58 +.014887211 +.0000497 +.0019478 +.0000065 +16.62328 +.3080287 +13.27090 +.9086848 +9.163855 +.3336978 +9.589962 +.8111424 +6.345392 +.0000000 +130.841830 +1389.000 20181017_142630 CH 05 GN 3   134
000182 001,14 001,12 001,58 001,60 +.009829272 +.0000078 +.0012860 +.0000010 +12.57309 +.9019656 +10.77693 +1.578439 +6.624782 +1.500684 +8.156568 +.3654516 +3.856680 +.0544289 +130.841830 +1389.000 20181017_142630 CH 06 GN 3   134
000183 001,14 001,12 001,60 001,62 +.006051505 +.0000075 +.0007917 +.0000009 +10.74779 +1.502923 +10.77305 +2.045997 +4.748733 +.6819990 +9.522726 +1.073516 +1.262961 +.3157402 +130.841830 +1389.000 20181017_142631 CH 07 GN 3   134
000184 001,14 001,12 001,62 001,64 +.004071251 +.0000045 +.0005326 +.0000005 +34.07234 +4.355253 +25.73729 +2.909759 +13.17839 +.4505434 +18.81018 +3.266440 +6.251290 +.2252717 +130.841830 +1389.000 20181017_142631 CH 08 GN 4   134
000185 001,14 001,12 001,47 001,49 +6.18681434 +.0195250 +.7657237 +.0024165 +1.480142 +.0012276 +.7914603 +.0012014 +.4946431 +.0008227 +.3284604 +.0009925 +.2242192 +.0022331 +123.767050 +1334.000 20181017_142634 CH 01 GN 2   127
000186 001,14 001,12 001,49 001,51 +.890867076 +.0028408 +.1102599 +.0003516 +3.431707 +.0019045 +2.348902 +.0034464 +1.818429 +.0054416 +1.479684 +.0109740 +1.254398 +.0081625 +123.767050 +1334.000 20181017_142634 CH 02 GN 3   127
000187 001,14 001,12 001,51 001,53 +.153546763 +.0004745 +.0190040 +.0000587 +11.43599 +.0052620 +8.125118 +.0189433 +6.421269 +.0289412 +5.268356 +.0705113 +4.500624 +.0026310 +123.767050 +1334.000 20181017_142634 CH 03 GN 3   127
000188 001,14 001,12 001,53 001,55 +.047848599 +.0001462 +.0059220 +.0000181 +18.38543 +.0827412 +13.20313 +.0591008 +10.69894 +.0996271 +8.909031 +.0236403 +7.672979 +.1266446 +123.767050 +1334.000 20181017_142634 CH 04 GN 3   127
000189 001,14 001,12 001,55 001,57 +.021143026 +.0000768 +.0026168 +.0000095 +17.33408 +.5961456 +12.51141 +.0038214 +10.60833 +.3439302 +8.445397 +.0038214 +7.383035 +.1987152 +123.767050 +1334.000 20181017_142634 CH 05 GN 3   127
000190 001,14 001,12 001,57 001,59 +.011725253 +.0000193 +.0014512 +.0000023 +18.69487 +.5857221 +12.43109 +.3376516 +10.74972 +.1033627 +8.000275 +.5168136 +7.200937 +.0275634 +123.767050 +1334.000 20181017_142634 CH 06 GN 3   127
000191 001,14 001,12 001,59 001,61 +.007643633 +.0000219 +.0009460 +.0000027 +11.92351 +.9830555 +8.065283 +.3382556 +8.392968 +.6659408 +5.190110 +.1902688 +6.268300 +.0951344 +123.767050 +1334.000 20181017_142634 CH 07 GN 3   127
000192 001,14 001,12 001,61 001,63 +.004825840 +.0000149 +.0005972 +.0000018 +31.07420 +1.305920 +19.12001 +.9040985 +16.92673 +1.808197 +11.45191 +.8538708 +11.80350 +1.490088 +123.767050 +1334.000 20181017_142634 CH 08 GN 4   127
000193 001,15 001,13 001,48 001,50 +6.71243855 +.0060385 +.8356432 +.0007517 +1.981431 +.0047508 +1.210743 +.0026327 +.8624493 +.0033985 +.6617656 +.0023335 +.5287423 +.0000000 +124.491760 +1389.000 20181017_142637 CH 01 GN 2   130
000194 001,15 001,13 001,50 001,52 +.843758092 +.0008152 +.1050409 +.0001014 +4.001963 +.0013328 +2.674862 +.0009520 +2.053961 +.0079968 +1.689151 +.0150417 +1.416305 +.0076160 +124.491760 +1389.000 20181017_142638 CH 02 GN 3   130
000195 001,15 001,13 001,52 001,54 +.134076022 +.0001217 +.0166913 +.0000151 +12.63587 +.0641050 +8.961522 +.0149778 +7.056345 +.0467307 +5.883882 +.0371449 +5.028350 +.1018491 +124.491760 +1389.000 20181017_142638 CH 03 GN 3   130
000196 001,15 001,13 001,54 001,56 +.045038000 +.0000384 +.0056068 +.0000047 +17.17895 +.3442211 +12.22966 +.0035670 +9.623924 +.1747858 +8.099007 +.1337647 +6.968249 +.1391153 +124.491760 +1389.000 20181017_142638 CH 04 GN 3   130
000197 001,15 001,13 001,56 001,58 +.020442156 +.0000135 +.0025448 +.0000016 +15.53314 +.9234227 +11.50545 +.3379334 +8.892364 +.1964729 +7.976800 +.0117883 +6.636855 +.4165225 +124.491760 +1389.000 20181017_142638 CH 05 GN 3   130
000198 001,15 001,13 001,58 001,60 +.012830246 +.0000267 +.0015972 +.0000033 +11.83902 +1.533876 +7.550430 +1.302230 +6.580018 +.1064322 +6.104203 +.4319897 +4.739366 +1.164494 +124.491760 +1389.000 20181017_142638 CH 06 GN 3   130
000199 001,15 001,13 001,60 001,62 +.007698260 +.0000058 +.0009583 +.0000007 +9.651804 +2.514686 +8.305769 +1.085175 +6.218892 +.4904160 +6.198023 +.9286601 +3.798115 +2.253826 +124.491760 +1389.000 20181017_142638 CH 07 GN 3   130
000200 001,15 001,13 001,62 001,64 +.004955669 +.0000112 +.0006169 +.0000014 +35.75712 +4.878918 +19.87227 +2.998670 +17.21399 +.7456154 +14.08564 +1.637112 +8.688040 +4.019839 +124.491760 +1389.000 20181017_142638 CH 08 GN 4   130
000201 001,15 001,13 001,49 001,51 +2.34175593 +.0023551 +.3051563 +.0003069 +2.307472 +.0074060 +1.561658 +.0119283 +1.214393 +.0004587 +.9798255 +.0039324 +.8332121 +.0022939 +130.310920 +1334.000 20181017_142641 CH 01 GN 2   135
000202 001,15 001,13 001,51 001,53 +.292906381 +.0002943 +.0381689 +.0000383 +8.108433 +.0000000 +5.716434 +.0379890 +4.503928 +.0248893 +3.639874 +.0110037 +3.174050 +.0471588 +130.310920 +1334.000 20181017_142641 CH 02 GN 3   135
000203 001,15 001,13 001,53 001,55 +.074428912 +.0000780 +.0096989 +.0000101 +15.90902 +.0299003 +11.51264 +.0525832 +9.234036 +.1876501 +7.457546 +.1041355 +6.656424 +.1917743 +130.310920 +1334.000 20181017_142641 CH 03 GN 3   135
000204 001,15 001,13 001,55 001,57 +.030109218 +.0000260 +.0039235 +.0000033 +15.05775 +.2523218 +11.33154 +.2344809 +9.468441 +.5352282 +7.223032 +.2854550 +6.825434 +.8028423 +130.310920 +1334.000 20181017_142641 CH 04 GN 3   135
000205 001,15 001,13 001,57 001,59 +.015671518 +.0000000 +.0020421 +.0000000 +17.75562 +.4945719 +13.80394 +.1175220 +11.69344 +1.121356 +7.971912 +1.385780 +8.584006 +1.229084 +130.310920 +1334.000 20181017_142641 CH 05 GN 3   135
000206 001,15 001,13 001,59 001,61 +.009780224 +.0000129 +.0012744 +.0000016 +5.892645 +2.173452 +7.328536 +.0941567 +6.692978 +2.008678 +2.911013 +1.490815 +5.829874 +1.443737 +130.310920 +1334.000 20181017_142641 CH 06 GN 3   135
000207 001,15 001,13 001,61 001,63 +.005932426 +.0000091 +.0007730 +.0000011 +36.32318 +1.629886 +26.80257 +.1293560 +20.72284 +2.651799 +12.44405 +2.910511 +13.82816 +2.819962 +130.310920 +1334.000 20181017_142642 CH 07 GN 4   135
000208 001,16 001,14 001,50 001,52 +2.29743509 +.0030881 +.3954630 +.0005315 +2.814472 +.0177260 +1.819209 +.0090273 +1.374540 +.0043999 +1.107486 +.0062711 +.9339431 +.0087998 +172.132410 +875.0000 20181017_142645 CH 01 GN 2   133
000209 001,16 001,14 001,52 001,54 +.244643643 +.0003342 +.0421111 +.0000575 +9.536915 +.1002111 +6.656677 +.0144854 +5.200291 +.0199472 +4.319526 +.0284960 +3.674328 +.0463060 +172.132410 +875.0000 20181017_142645 CH 02 GN 3   133
000210 001,16 001,14 001,54 001,56 +.069972063 +.0000923 +.0120444 +.0000159 +14.73042 +.1087637 +10.36077 +.0556272 +8.240303 +.0083025 +6.823053 +.0730626 +5.852483 +.0988006 +172.132410 +875.0000 20181017_142645 CH 03 GN 3   133
000211 001,16 001,14 001,56 001,58 +.028727187 +.0000368 +.0049448 +.0000063 +14.43108 +.4934396 +10.45930 +.0687579 +8.192312 +.2730096 +6.807040 +.1172930 +5.820161 +.0222452 +172.132410 +875.0000 20181017_142645 CH 04 GN 3   133
000212 001,16 001,14 001,58 001,60 +.017114789 +.0000120 +.0029460 +.0000020 +12.91577 +.3598086 +9.198882 +.4243027 +7.491488 +.4141194 +6.238946 +.0882549 +4.891361 +.2579760 +172.132410 +875.0000 20181017_142645 CH 05 GN 3   133
000213 001,16 001,14 001,60 001,62 +.009781772 +.0000104 +.0016837 +.0000017 +10.74975 +1.045279 +7.316957 +.3741625 +5.915332 +.7780206 +4.858174 +1.045279 +4.002945 +.9561932 +172.132410 +875.0000 20181017_142645 CH 06 GN 3   133
000214 001,16 001,14 001,62 001,64 +.006255475 +.0000048 +.0010767 +.0000008 +25.00998 +1.885267 +15.53720 +1.569508 +12.68608 +2.191740 +9.853543 +.9287034 +6.993136 +.1950277 +172.132410 +875.0000 20181017_142645 CH 07 GN 4   133
000215 001,16 001,14 001,49 001,51 +8.23046374 +.0112763 +1.416729 +.0019410 +2.147043 +.0217684 +1.452013 +.0125076 +1.123460 +.0062114 +.9200909 +.0031339 +.7744667 +.0052374 +172.132410 +875.0000 20181017_142645 CH 08 GN 1   133
000216 001,16 001,14 001,51 001,53 +.645710063 +.0009117 +.1086778 +.0001534 +5.670061 +.0334934 +3.885152 +.0122380 +2.988097 +.0227277 +2.457170 +.0262243 +2.075124 +.0047847 +168.307490 +844.0000 20181017_142648 CH 01 GN 2   129
000217 001,16 001,14 001,53 001,55 +.122622944 +.0001801 +.0206383 +.0000303 +12.76167 +.0499070 +9.042869 +.0382782 +7.077597 +.0872162 +5.910353 +.0736492 +5.057087 +.0130824 +168.307490 +844.0000 20181017_142648 CH 02 GN 3   129
000218 001,16 001,14 001,55 001,57 +.044401648 +.0000667 +.0074731 +.0000112 +14.38219 +.1806472 +10.49091 +.1632515 +8.079613 +.1284602 +6.772262 +.0361294 +5.907832 +.0307769 +168.307490 +844.0000 20181017_142648 CH 03 GN 3   129
000219 001,16 001,14 001,57 001,59 +.021218663 +.0000201 +.0035712 +.0000033 +15.88514 +.0952044 +11.50854 +.4004189 +8.363994 +.1652078 +7.271943 +.1036048 +5.866276 +.1792084 +168.307490 +844.0000 20181017_142649 CH 04 GN 3   129
000220 001,16 001,14 001,59 001,61 +.012866747 +.0000086 +.0021655 +.0000014 +10.76390 +.0369417 +8.464284 +.8034836 +6.007656 +.2401215 +5.314997 +.0646481 +4.691605 +.7018937 +168.307490 +844.0000 20181017_142649 CH 05 GN 3   129
000221 001,16 001,14 001,61 001,63 +.007526759 +.0000251 +.0012668 +.0000042 +25.08663 +.9077920 +16.67969 +.3078599 +9.851516 +.4657367 +9.070026 +.7420213 +7.270229 +1.278802 +168.307490 +844.0000 20181017_142649 CH 06 GN 4   129
000222 001,17 001,15 001,50 001,52 +8.38367707 +.0340840 +1.217228 +.0049486 +2.455480 +.0017005 +1.540771 +.0006900 +1.143622 +.0057589 +.9130827 +.0019306 +.7558073 +.0034093 +145.190250 +1020.000 20181017_142652 CH 01 GN 1   135
000223 001,17 001,15 001,52 001,54 +.499421552 +.0020209 +.0725111 +.0002934 +6.683524 +.0144805 +4.549783 +.0034477 +3.507598 +.0391664 +2.867421 +.0106190 +2.437418 +.0136530 +145.190250 +1020.000 20181017_142652 CH 02 GN 3   135
000224 001,17 001,15 001,54 001,56 +.112372352 +.0004479 +.0163153 +.0000650 +12.00217 +.0533239 +8.382280 +.0061291 +6.569878 +.1182933 +5.490528 +.0520981 +4.671055 +.0128713 +145.190250 +1020.000 20181017_142652 CH 03 GN 3   135
000225 001,17 001,15 001,56 001,58 +.040927197 +.0001600 +.0059422 +.0000232 +13.44613 +.0471203 +9.479606 +.0605833 +7.355824 +.3719142 +6.277104 +.2103587 +5.433986 +.0925578 +145.190250 +1020.000 20181017_142652 CH 04 GN 3   135
000226 001,17 001,15 001,58 001,60 +.022509500 +.0000841 +.0032681 +.0000122 +13.16643 +.2050083 +9.207015 +.0030598 +6.948864 +.9852638 +6.009497 +.2662048 +5.011994 +.2906834 +145.190250 +1020.000 20181017_142652 CH 05 GN 3   135
000227 001,17 001,15 001,60 001,62 +.012386368 +.0000467 +.0017983 +.0000067 +11.46031 +1.184399 +7.595725 +.8007206 +5.949799 +1.201080 +5.048988 +1.095430 +3.998042 +1.128793 +145.190250 +1020.000 20181017_142652 CH 06 GN 3   135
000228 001,17 001,15 001,62 001,64 +.007840333 +.0000284 +.0011383 +.0000041 +15.82128 +1.519756 +10.10242 +.9048263 +7.054131 +3.645659 +6.834513 +1.185937 +6.597325 +.5182985 +145.190250 +1020.000 20181017_142652 CH 07 GN 4   135
000229 001,17 001,15 001,51 001,53 +1.73702979 +.0070504 +.2521997 +.0010236 +4.164238 +.0000000 +2.773991 +.0023394 +2.107931 +.0078112 +1.705711 +.0005551 +1.423593 +.0030531 +145.190250 +1020.000 20181017_142652 CH 08 GN 2   135
000230 001,17 001,15 001,53 001,55 +.212667956 +.0008912 +.0289475 +.0001213 +9.528622 +.0369634 +6.767073 +.0310907 +5.325844 +.0113999 +4.375849 +.0310907 +3.743671 +.0058727 +136.116040 +1020.000 20181017_142655 CH 01 GN 3   126
000231 001,17 001,15 001,55 001,57 +.066900050 +.0002773 +.0091061 +.0000377 +12.42673 +.0109815 +9.141054 +.1877847 +7.129232 +.1954718 +5.848781 +.0021963 +5.019673 +.1800976 +136.116040 +1020.000 20181017_142656 CH 02 GN 3   126
000232 001,17 001,15 001,57 001,59 +.028869117 +.0001194 +.0039295 +.0000162 +13.89726 +.1705029 +10.60681 +.1679581 +8.153605 +.2188545 +6.479113 +.5649501 +5.471364 +.5649501 +136.116040 +1020.000 20181017_142656 CH 03 GN 3   126
000233 001,17 001,15 001,59 001,61 +.016510324 +.0000767 +.0022473 +.0000104 +10.30560 +.2180374 +8.770446 +.4716729 +7.333179 +.3648790 +5.232899 +.1735400 +4.707829 +.6318637 +136.116040 +1020.000 20181017_142656 CH 04 GN 3   126
000234 001,17 001,15 001,61 001,63 +.009647503 +.0000421 +.0013131 +.0000057 +15.74803 +.6625139 +12.58776 +.4036004 +9.899632 +.0456906 +6.975433 +.0685359 +5.977855 +.2208379 +136.116040 +1020.000 20181017_142656 CH 05 GN 4   126
000235 001,18 001,16 001,52 001,54 +1.34050789 +.0037101 +.2092932 +.0005792 +4.253219 +.0072625 +2.813468 +.0070714 +2.133943 +.0059724 +1.724661 +.0021023 +1.459101 +.0082659 +156.129800 +932.0000 20181017_142659 CH 01 GN 2   129
000236 001,18 001,16 001,54 001,56 +.198981936 +.0005562 +.0310670 +.0000868 +8.965136 +.0032188 +6.237484 +.0138410 +4.823444 +.0251070 +3.972702 +.0228538 +3.429039 +.0238194 +156.129800 +932.0000 20181017_142659 CH 02 GN 3   129
000237 001,18 001,16 001,56 001,58 +.062190177 +.0001723 +.0097097 +.0000269 +11.51009 +.0906306 +8.275195 +.0803317 +6.324577 +.1287367 +5.371925 +.1596335 +4.699404 +.1009295 +156.129800 +932.0000 20181017_142659 CH 03 GN 3   129
000238 001,18 001,16 001,58 001,60 +.031127754 +.0000874 +.0048599 +.0000136 +12.33958 +.1008236 +8.954787 +.1440338 +6.456829 +.1172846 +5.681105 +.1625524 +4.967108 +.4341590 +156.129800 +932.0000 20181017_142659 CH 04 GN 3   129
000239 001,18 001,16 001,60 001,62 +.016344413 +.0000466 +.0025518 +.0000072 +10.72555 +.0078374 +7.813938 +.0117561 +5.576346 +.2978231 +4.976781 +.9365754 +4.338029 +.2390422 +156.129800 +932.0000 20181017_142659 CH 05 GN 3   129
000240 001,18 001,16 001,62 001,64 +.010038826 +.0000268 +.0015673 +.0000041 +9.927521 +.3764291 +8.134697 +.4147100 +5.123264 +.0957023 +5.276388 +1.199469 +5.518834 +.3636688 +156.129800 +932.0000 20181017_142659 CH 06 GN 4   129
000241 001,18 001,16 001,51 001,53 +7.27405050 +.0202381 +1.135696 +.0031597 +3.495495 +.0074579 +2.342378 +.0060579 +1.787731 +.0050013 +1.442815 +.0066303 +1.206194 +.0092102 +156.129800 +932.0000 20181017_142659 CH 07 GN 1   129
000242 001,18 001,16 001,53 001,55 +.423022574 +.0011524 +.0660464 +.0001799 +6.635180 +.0386092 +4.565576 +.0219542 +3.531152 +.0046936 +2.942626 +.0124155 +2.498999 +.0124155 +156.129800 +932.0000 20181017_142659 CH 08 GN 2   129
000243 001,18 001,16 001,55 001,57 +.109132407 +.0003052 +.0169740 +.0000474 +10.34462 +.0848354 +7.421332 +.0648048 +5.693400 +.0388829 +4.752551 +.0989746 +4.055015 +.0377046 +155.536200 +857.0000 20181017_142703 CH 01 GN 3   128
000244 001,18 001,16 001,57 001,59 +.041354810 +.0001067 +.0064321 +.0000166 +12.40638 +.0559686 +8.931666 +.4695149 +6.677373 +.1445857 +5.788093 +.3404760 +4.775993 +.1772341 +155.536200 +857.0000 20181017_142703 CH 02 GN 3   128
000245 001,18 001,16 001,59 001,61 +.022266713 +.0000635 +.0034632 +.0000098 +11.47755 +.4360028 +8.809567 +.7651705 +6.271511 +.4302279 +5.503453 +.9326418 +4.469751 +.1703587 +155.536200 +857.0000 20181017_142703 CH 03 GN 3   128
000246 001,18 001,16 001,61 001,63 +.012584015 +.0000272 +.0019572 +.0000042 +10.78032 +1.026940 +8.527183 +1.399909 +5.538326 +.4751516 +5.860203 +.9196482 +4.828153 +.0766373 +155.536200 +857.0000 20181017_142703 CH 04 GN 4   128
000247 001,19 001,17 001,52 001,54 +6.33145688 +.0054570 +.8722117 +.0007517 +3.158246 +.0152944 +2.042703 +.0115797 +1.541047 +.0103300 +1.241120 +.0080141 +1.035826 +.0074064 +137.758460 +1020.000 20181017_142706 CH 01 GN 2   126
000248 001,19 001,17 001,54 001,56 +.396827316 +.0003938 +.0546663 +.0000542 +6.013940 +.0521344 +4.047647 +.0534149 +3.120751 +.0093293 +2.540686 +.0118903 +2.118489 +.0144513 +137.758460 +1020.000 20181017_142706 CH 02 GN 3   126
000249 001,19 001,17 001,56 001,58 +.099930850 +.0001100 +.0137663 +.0000151 +9.435346 +.1205841 +6.628496 +.1939516 +5.307881 +.0370469 +4.330133 +.0094433 +3.698156 +.0595656 +137.758460 +1020.000 20181017_142706 CH 03 GN 3   126
000250 001,19 001,17 001,58 001,60 +.043789615 +.0000521 +.0060323 +.0000071 +10.46019 +.2901006 +7.184548 +.2685502 +5.904790 +.0513892 +4.881978 +.0414429 +4.086274 +.0978053 +137.758460 +1020.000 20181017_142706 CH 04 GN 3   126
000251 001,19 001,17 001,60 001,62 +.021831254 +.0000194 +.0030074 +.0000026 +9.134014 +.2527066 +6.254488 +.6317665 +5.765701 +.0099752 +4.522118 +.1662543 +3.707472 +.1363285 +137.758460 +1020.000 20181017_142706 CH 05 GN 3   126
000252 001,19 001,17 001,62 001,64 +.012608590 +.0000288 +.0017369 +.0000039 +15.31428 +.8578304 +8.854652 +1.629302 +8.204083 +.8290441 +6.016327 +.5469388 +5.026080 +.3051343 +137.758460 +1020.000 20181017_142706 CH 06 GN 4   126
000253 001,19 001,17 001,53 001,55 +1.05451650 +.0010419 +.1452685 +.0001435 +4.059928 +.0682184 +2.975523 +.0784753 +2.394048 +.1074561 +1.870604 +.1469691 +1.721707 +.0009637 +137.758460 +1020.000 20181017_142706 CH 07 GN 2   126
000254 001,19 001,17 001,55 001,57 +.194032656 +.0001968 +.0267296 +.0000271 +8.093636 +.0763197 +5.593416 +.0995150 +4.388760 +.0112235 +3.597878 +.0415269 +3.063266 +.0202022 +137.758460 +1020.000 20181017_142706 CH 08 GN 3   126
000255 001,19 001,17 001,57 001,59 +.061102238 +.0000639 +.0079323 +.0000083 +9.291032 +.0214311 +6.400348 +.2609557 +5.321227 +.0983311 +4.423640 +.0819426 +3.642034 +.0819426 +129.821430 +1020.000 20181017_142710 CH 01 GN 3   119
000256 001,19 001,17 001,59 001,61 +.030440659 +.0000319 +.0039518 +.0000041 +7.940584 +.2378632 +4.820527 +.5136834 +4.947050 +.1948454 +3.800751 +.2378632 +2.950516 +.0506092 +129.821430 +1020.000 20181017_142710 CH 02 GN 3   119
000257 001,19 001,17 001,61 001,63 +.016059136 +.0000396 +.0020848 +.0000051 +22.29449 +.1343041 +13.14741 +.1391007 +11.10887 +.5084371 +8.259705 +.0527623 +6.115635 +.2542185 +129.821430 +1020.000 20181017_142710 CH 03 GN 4   119
000258 001,20 001,18 001,54 001,56 +.901150700 +.0017438 +.1121414 +.0002170 +3.749819 +.0079364 +2.397419 +.0171212 +1.772761 +.0038344 +1.394400 +.0080255 +1.145428 +.0146243 +124.442460 +1447.000 20181017_142713 CH 01 GN 3   130
000259 001,20 001,18 001,56 001,58 +.163962927 +.0003082 +.0204039 +.0000383 +7.213799 +.0044109 +4.986779 +.0495002 +3.918849 +.0098020 +3.186637 +.0196040 +2.751918 +.0705745 +124.442460 +1447.000 20181017_142713 CH 02 GN 3   130
000260 001,20 001,18 001,58 001,60 +.060056672 +.0001089 +.0074736 +.0000135 +9.847998 +.1511988 +7.023389 +.2569043 +5.301327 +.0695782 +4.170680 +.0294369 +3.686309 +.0669021 +124.442460 +1447.000 20181017_142713 CH 03 GN 3   130
000261 001,20 001,18 001,60 001,62 +.027742942 +.0000569 +.0034524 +.0000070 +8.979260 +.2404124 +6.444792 +.4228942 +4.773490 +.0868960 +3.788668 +.3215154 +3.423705 +.4663422 +124.442460 +1447.000 20181017_142713 CH 04 GN 3   130
000262 001,20 001,18 001,62 001,64 +.015409772 +.0000215 +.0019176 +.0000026 +12.62495 +.1251544 +8.291484 +.6049133 +6.179502 +.3493896 +5.355569 +.1668726 +4.213534 +.6518462 +124.442460 +1447.000 20181017_142713 CH 05 GN 4   130
000263 001,20 001,18 001,53 001,55 +4.08082522 +.0076014 +.5078279 +.0009459 +1.796514 +.0078176 +1.176756 +.0104366 +.9180865 +.0010042 +.7544287 +.0067936 +.6379326 +.0061241 +124.442460 +1447.000 20181017_142713 CH 06 GN 2   130
000264 001,20 001,18 001,55 001,57 +.365214814 +.0006893 +.0454482 +.0000857 +5.440915 +.0039605 +3.717636 +.0407056 +2.850496 +.0101214 +2.325503 +.0283839 +1.946830 +.0253035 +124.442460 +1447.000 20181017_142713 CH 07 GN 3   130
000265 001,20 001,18 001,57 001,59 +.089461346 +.0001634 +.0111327 +.0000203 +10.16277 +.0610808 +6.939859 +.1212634 +5.258340 +.0044912 +4.261285 +.1158739 +3.592091 +.1059932 +124.442460 +1447.000 20181017_142713 CH 08 GN 3   130
000266 001,20 001,18 001,59 001,61 +.040018434 +.0000821 +.0046715 +.0000095 +5.103187 +.1798103 +4.028606 +.4580881 +3.163805 +.0599367 +2.528047 +.4923377 +2.600827 +.2076380 +116.735950 +1334.000 20181017_142716 CH 01 GN 3   122
000267 001,20 001,18 001,61 001,63 +.020129017 +.0000290 +.0023497 +.0000033 +17.58888 +.2553430 +11.96282 +.0851143 +8.622083 +.5915447 +7.349624 +.0297900 +6.745312 +.8128420 +116.735950 +1334.000 20181017_142716 CH 02 GN 4   122
000268 001,21 001,19 001,54 001,56 +3.58090296 +.0179167 +.4549000 +.0022760 +2.403538 +.0026159 +1.424202 +.0000000 +.9990985 +.0047483 +.7636841 +.0010771 +.6007033 +.0012969 +127.035020 +1389.000 20181017_142720 CH 01 GN 2   123
000269 001,21 001,19 001,56 001,58 +.322263026 +.0016121 +.0409386 +.0002048 +5.156002 +.0043968 +3.554339 +.0263809 +2.728470 +.0659522 +2.245553 +.0112363 +1.922631 +.0283350 +127.035020 +1389.000 20181017_142720 CH 02 GN 3   123
000270 001,21 001,19 001,58 001,60 +.089017343 +.0004513 +.0113083 +.0000573 +9.166702 +.0884304 +6.382026 +.0521739 +4.753137 +.2396465 +4.042156 +.0645542 +3.309952 +.1176125 +127.035020 +1389.000 20181017_142720 CH 03 GN 3   123
000271 001,21 001,19 001,60 001,62 +.037227215 +.0001942 +.0047291 +.0000246 +9.551379 +.0338326 +6.654458 +.1649341 +5.062209 +.6872256 +4.267142 +.1628196 +3.518595 +.0655507 +127.035020 +1389.000 20181017_142720 CH 04 GN 3   123
000272 001,21 001,19 001,62 001,64 +.019558228 +.0001020 +.0024845 +.0000129 +10.23915 +.2696632 +7.494224 +.0040248 +4.898212 +1.026330 +4.427307 +.4709045 +3.610268 +.3944328 +127.035020 +1389.000 20181017_142720 CH 05 GN 4   123
000273 001,21 001,19 001,55 001,57 +.901939323 +.0045197 +.1145778 +.0005741 +3.690939 +.0061093 +2.474212 +.0114332 +1.857164 +.0008727 +1.466513 +.0098622 +1.254779 +.0006109 +127.035020 +1389.000 20181017_142720 CH 06 GN 2   123
000274 001,21 001,19 001,57 001,59 +.146958452 +.0007396 +.0186688 +.0000939 +8.108685 +.0091060 +5.526847 +.0085704 +4.168972 +.0990954 +3.402455 +.0262469 +2.869482 +.0508868 +127.035020 +1389.000 20181017_142720 CH 07 GN 3   123
000275 001,21 001,19 001,59 001,61 +.056098625 +.0002837 +.0071264 +.0000360 +10.16629 +.0070160 +7.058173 +.0224514 +5.197509 +.4742867 +4.292435 +.0014032 +3.677827 +.1936437 +127.035020 +1389.000 20181017_142720 CH 08 GN 3   123
000276 001,21 001,19 001,61 001,63 +.026249100 +.0001434 +.0035089 +.0000191 +10.48476 +.6811251 +6.737154 +.2792898 +5.651343 +.1196956 +4.445837 +.1567442 +3.704864 +.2393912 +133.676960 +1020.000 20181017_142723 CH 01 GN 4   129
000277 001,22 001,20 001,56 001,58 +.860949477 +.0026582 +.1054289 +.0003255 +3.112618 +.0156503 +2.074573 +.0055013 +1.586187 +.0226693 +1.299453 +.0207722 +1.086419 +.0163143 +122.456570 +1447.000 20181017_142726 CH 01 GN 3   130
000278 001,22 001,20 001,58 001,60 +.150849725 +.0004533 +.0184725 +.0000555 +7.157651 +.0162403 +4.797391 +.0086615 +3.782371 +.1640272 +3.021782 +.0790362 +2.478814 +.0822843 +122.456570 +1447.000 20181017_142726 CH 02 GN 3   130
000279 001,22 001,20 001,60 001,62 +.054933189 +.0001695 +.0067269 +.0000207 +8.971403 +.2051455 +6.062200 +.1293309 +4.959171 +.3790733 +4.105884 +.1546024 +3.265977 +.0921668 +122.456570 +1447.000 20181017_142727 CH 03 GN 3   130
000280 001,22 001,20 001,62 001,64 +.026720575 +.0000776 +.0032721 +.0000095 +11.65914 +.6509561 +7.230808 +.3697919 +5.831099 +.7579207 +4.938709 +.4706443 +4.052431 +.2353221 +122.456570 +1447.000 20181017_142727 CH 04 GN 4   130
000281 001,22 001,20 001,55 001,57 +3.95846568 +.0124051 +.4847401 +.0015190 +1.989395 +.0024549 +1.283037 +.0030738 +.9738207 +.0064158 +.7848741 +.0030944 +.6483886 +.0039815 +122.456570 +1447.000 20181017_142727 CH 05 GN 2   130
000282 001,22 001,20 001,57 001,59 +.292713245 +.0008860 +.0358446 +.0001085 +5.711589 +.0552383 +3.737795 +.0080904 +2.817992 +.0954117 +2.270910 +.0086484 +1.831235 +.0345937 +122.456570 +1447.000 20181017_142727 CH 06 GN 3   130
000283 001,22 001,20 001,59 001,61 +.087403967 +.0002684 +.0107031 +.0000328 +8.320883 +.0168174 +5.629162 +.0644667 +4.465023 +.1868601 +3.663393 +.1186562 +3.001908 +.0990358 +122.456570 +1447.000 20181017_142727 CH 07 GN 3   130
000284 001,22 001,20 001,61 001,63 +.037217929 +.0001182 +.0045575 +.0000144 +11.01900 +.3949464 +6.755778 +.0307180 +5.494143 +.4629649 +4.500195 +.4015288 +3.427257 +.4454118 +122.456570 +1447.000 20181017_142727 CH 08 GN 4   130
000285 001,23 001,21 001,56 001,58 +3.80799674 +.0155552 +.4380865 +.0017895 +2.042222 +.0038576 +1.388858 +.0008217 +1.090378 +.0019859 +.9195443 +.0051131 +.7899352 +.0045196 +115.043830 +1508.000 20181017_142730 CH 01 GN 2   130
000286 001,23 001,21 001,58 001,60 +.285998388 +.0010868 +.0329023 +.0001250 +4.695713 +.1273465 +3.199163 +.0483248 +2.335395 +.0936103 +2.007455 +.0610898 +1.622072 +.0984732 +115.043830 +1508.000 20181017_142730 CH 02 GN 3   130
000287 001,23 001,21 001,60 001,62 +.083222020 +.0003062 +.0095741 +.0000352 +7.353110 +.2391849 +5.205667 +.0208895 +3.890672 +.3342322 +3.502127 +.1827832 +2.825307 +.1504045 +115.043830 +1508.000 20181017_142730 CH 03 GN 3   130
000288 001,23 001,21 001,62 001,64 +.036841176 +.0001267 +.0042383 +.0000145 +9.732561 +.6063680 +6.986209 +.1793150 +4.544221 +.5355857 +4.622081 +.6393997 +3.515519 +.0212346 +115.043830 +1508.000 20181017_142730 CH 04 GN 4   130
000289 001,23 001,21 001,57 001,59 +.737834180 +.0028685 +.0848832 +.0003300 +3.410801 +.0335755 +2.186767 +.0083644 +1.558493 +.0221480 +1.240291 +.0180247 +.9769887 +.0142548 +115.043830 +1508.000 20181017_142730 CH 05 GN 3   130
000290 001,23 001,21 001,59 001,61 +.143659160 +.0005370 +.0165271 +.0000617 +6.275148 +.2111683 +4.384919 +.0508256 +3.143322 +.1573173 +2.758499 +.0671624 +2.225435 +.0907600 +115.043830 +1508.000 20181017_142730 CH 06 GN 3   130
000291 001,23 001,21 001,61 001,63 +.053575667 +.0001943 +.0061635 +.0000223 +8.934785 +.3974982 +6.127961 +.0048673 +4.305960 +.4802427 +4.056104 +.2660804 +3.175118 +.2287642 +115.043830 +1508.000 20181017_142730 CH 07 GN 4   130
000292 001,24 001,22 001,58 001,60 +.771614074 +.0008600 +.0910544 +.0001014 +2.548255 +.0047224 +1.626169 +.0165834 +1.189837 +.0243810 +.9407557 +.0151557 +.7943598 +.0215255 +118.005170 +1508.000 20181017_142734 CH 01 GN 2   127
000293 001,24 001,22 001,60 001,62 +.149030843 +.0001520 +.0175864 +.0000179 +5.380859 +.0159213 +3.743231 +.1324886 +2.825477 +.0949596 +2.371149 +.1421552 +2.142563 +.0079606 +118.005170 +1508.000 20181017_142734 CH 02 GN 3   127
000294 001,24 001,22 001,62 001,64 +.057055381 +.0000642 +.0067328 +.0000075 +9.132860 +.1351586 +6.172738 +.1514964 +4.535982 +.0831745 +3.751765 +.3579475 +3.450257 +.0415872 +118.005170 +1508.000 20181017_142734 CH 03 GN 4   127
000295 001,24 001,22 001,57 001,59 +3.66506230 +.0041121 +.4324963 +.0004852 +2.247857 +.0122313 +1.325606 +.0071445 +.8940423 +.0073526 +.6551038 +.0065665 +.4941545 +.0019884 +118.005170 +1508.000 20181017_142734 CH 04 GN 2   127
000296 001,24 001,22 001,59 001,61 +.298044568 +.0003250 +.0351708 +.0000383 +4.030047 +.0025589 +2.652200 +.0392370 +1.931147 +.0460609 +1.591092 +.0446393 +1.352542 +.0059708 +118.005170 +1508.000 20181017_142734 CH 05 GN 3   127
000297 001,24 001,22 001,61 001,63 +.088081734 +.0001149 +.0103941 +.0000135 +7.369565 +.0509904 +4.835435 +.0702321 +3.565484 +.1135259 +2.908380 +.1876064 +2.585120 +.0144312 +118.005170 +1508.000 20181017_142734 CH 06 GN 4   127
000298 001,25 001,23 001,58 001,60 +4.13607305 +.0255973 +.4795135 +.0029676 +2.090493 +.0243997 +1.403505 +.0200411 +1.075610 +.0126586 +.8718419 +.0198326 +.7319501 +.0111780 +115.934490 +1508.000 20181017_142737 CH 01 GN 2   131
000299 001,25 001,23 001,60 001,62 +.353697161 +.0022011 +.0410057 +.0002551 +3.400015 +.0607232 +2.456487 +.0802327 +1.959239 +.0190217 +1.625139 +.1302258 +1.460528 +.0060967 +115.934490 +1508.000 20181017_142737 CH 02 GN 3   131
000300 001,25 001,23 001,62 001,64 +.106157882 +.0006796 +.0123073 +.0000787 +7.422387 +.1308160 +4.919820 +.0625641 +3.751413 +.0446887 +3.025831 +.3583221 +2.518818 +.1235033 +115.934490 +1508.000 20181017_142737 CH 03 GN 4   131
000301 001,25 001,23 001,59 001,61 +.923706396 +.0057026 +.1070894 +.0006611 +2.251576 +.0241853 +1.442812 +.0164348 +1.077230 +.0149407 +.8342560 +.0388460 +.6932523 +.0032683 +115.934490 +1508.000 20181017_142737 CH 04 GN 3   131
000302 001,25 001,23 001,61 001,63 +.180073246 +.0011432 +.0208767 +.0001325 +5.353815 +.0895735 +3.505822 +.0948425 +2.658945 +.0100590 +2.060191 +.1911221 +1.769915 +.0574803 +115.934490 +1508.000 20181017_142737 CH 05 GN 3   131
000303 001,26 001,24 001,60 001,62 +.892203858 +.0005100 +.0948932 +.0000542 +2.329354 +.0070605 +1.687264 +.0049529 +1.387769 +.0022130 +1.188071 +.0080090 +1.058979 +.0245539 +106.358260 +1571.000 20181017_142741 CH 01 GN 3   131
000304 001,26 001,24 001,62 001,64 +.189072762 +.0001274 +.0201094 +.0000135 +5.591401 +.0387877 +3.691299 +.0527115 +2.718622 +.0228748 +2.257645 +.0850346 +1.888167 +.0308312 +106.358260 +1571.000 20181017_142741 CH 02 GN 3   131
000305 001,26 001,24 001,59 001,61 +3.80873436 +.0020403 +.4050903 +.0002170 +1.376408 +.0025920 +.7809615 +.0034807 +.5290918 +.0012589 +.3981827 +.0001728 +.3074622 +.0010368 +106.358260 +1571.000 20181017_142741 CH 03 GN 2   131
000306 001,26 001,24 001,61 001,63 +.363867460 +.0001274 +.0387003 +.0000135 +3.437956 +.0222220 +2.181636 +.0129197 +1.622984 +.0284235 +1.276733 +.0012919 +1.060456 +.0387593 +106.358260 +1571.000 20181017_142741 CH 04 GN 3   131
000307 001,27 001,25 001,60 001,62 +4.44936380 +.0055986 +.4562952 +.0005741 +2.343088 +.0376729 +1.980143 +.0376948 +1.790003 +.0365333 +1.650225 +.0292354 +1.533524 +.0173133 +102.552920 +1571.000 20181017_142744 CH 01 GN 2   127
000308 001,27 001,25 001,62 001,64 +.405072327 +.0004947 +.0415413 +.0000507 +4.094474 +.0221466 +2.685276 +.0305719 +2.081058 +.0430896 +1.696622 +.0084253 +1.469620 +.1107330 +102.552920 +1571.000 20181017_142744 CH 02 GN 3   127
000309 001,27 001,25 001,61 001,63 +1.00937389 +.0012406 +.1035142 +.0001272 +1.807577 +.0098537 +1.104099 +.0006762 +.8205634 +.0000000 +.6641598 +.0081148 +.5660090 +.0387386 +102.552920 +1571.000 20181017_142744 CH 03 GN 3   127
000310 001,28 001,26 001,62 001,64 +1.16148107 +.0015335 +.1087165 +.0001435 +2.540090 +.0252031 +1.662028 +.0172006 +1.269079 +.0086463 +1.020543 +.0169247 +.8603103 +.0180285 +93.6016800 +1781.000 20181017_142747 CH 01 GN 3   134
000311 001,28 001,26 001,61 001,63 +5.08197267 +.0076895 +.4756811 +.0007197 +.0350444 +.0109316 -.1522868 +.0098595 -.1736457 +.0052556 -.1616839 +.0147157 -.1286996 +.0060965 +93.6016800 +1781.000 20181017_142747 CH 02 GN 2   134
000312 001,29 001,27 001,62 001,64 +4.92714795 +.0106545 +.4598912 +.0009944 +1.966138 +.0187870 +1.392024 +.0099806 +1.114567 +.0126334 +.9521382 +.0114374 +.8324142 +.0058709 +93.3382200 +1781.000 20181017_142750 CH 01 GN 2   128
#data_end
Run Complete 

